711307178642022853304035153869763282468152980889618522430411591602335015536930136649278369391678016725181704175143914459007556712155555511482562836784479624396080709665
1066960767963034279956052730804644923702229471334427783645617387403502523305395204973917554087517025087772556262715871688511335068233333267223844255176719436594121064498
533480383981517139978026365402322461851114735667213891822808693701751261652697602486958777043758512543886278131357935844255667534116666633611922127588359718297060532249
800220575972275709967039548103483692776672103500820837734213040552626892479046403730438165565637768815829417197036903766383501301174999950417883191382539577445590798374
400110287986137854983519774051741846388336051750410418867106520276313446239523201865219082782818884407914708598518451883191750650587499975208941595691269788722795399187
600165431979206782475279661077612769582504077625615628300659780414470169359284802797828624174228326611872062897777677824787625975881249962813412393536904683084193098781
900248147968810173712919491616419154373756116438423442450989670621705254038927204196742936261342489917808094346666516737181438963821874944220118590305357024626289648172
450124073984405086856459745808209577186878058219211721225494835310852627019463602098371468130671244958904047173333258368590719481910937472110059295152678512313144824086
225062036992202543428229872904104788593439029109605860612747417655426313509731801049185734065335622479452023586666629184295359740955468736055029647576339256156572412043
337593055488303815142344809356157182890158543664408790919121126483139470264597701573778601098003433719178035379999943776443039611433203104082544471364508884234858618065
506389583232455722713517214034235774335237815496613186378681689724709205396896552360667901647005150578767053069999915664664559417149804656123816707046763326352287927098
253194791616227861356758607017117887167618907748306593189340844862354602698448276180333950823502575289383526534999957832332279708574902328061908353523381663176143963549
379792187424341792035137910525676830751428361622459889784011267293531904047672414270500926235253862934075289802499936748498419562862353492092862530285072494764215945324
189896093712170896017568955262838415375714180811229944892005633646765952023836207135250463117626931467037644901249968374249209781431176746046431265142536247382107972662
94948046856085448008784477631419207687857090405614972446002816823382976011918103567625231558813465733518822450624984187124604890715588373023215632571268123691053986331
142422070284128172013176716447128811531785635608422458669004225235074464017877155351437847338220198600278233675937476280686907336073382559534823448856902185536580979497
213633105426192258019765074670693217297678453412633688003506337852611696026815733027156771007330297900417350513906214421030361004110073839302235173285353278304871469246
106816552713096129009882537335346608648839226706316844001753168926305848013407866513578385503665148950208675256953107210515180502055036919651117586642676639152435734623
160224829069644193514823806003019912973258840059475266002629753389458772020111799770367578255497723425313012885429660815772770753082555379476676379964014958728653601935
240337243604466290272235709004529869459888260089212899003944630084188158030167699655551367383246585137969519328144491223659156129623833069215014569946022438092980402903
360505865406699435408353563506794804189832390133819348505916945126282237045251549483327051074869877706954278992216736835488734194435749603822521854919033657139470604355
540758798110049153112530345260192206284748585200729022758875417689423355567877324224990576612304816560431418488325105253233101291653624405733782782378550485709205906533
811138197165073729668795517890288309427122877801093534138313126534135033351815986337485864918457224840647127732487657879849651937480436608600674173567825728563808859800
405569098582536864834397758945144154713561438900546767069156563267067516675907993168742932459228612420323563866243828939924825968740218304300337086783912864281904429900
202784549291268432417198879472572077356780719450273383534578281633533758337953996584371466229614306210161781933121914469962412984370109152150168543391956432140952214950
101392274645634216208599439736286038678390359725136691767289140816766879168976998292185733114807153105080890966560957234981206492185054576075084271695978216070476107475
152088411968451324312899159604429058017585539587705037650933711225150318753465497438278599672210729657621336449841435852471809738277581864112626407543967324105714161213
228132617952676986469348739406643587026378309381557556476400566837725478130198246157417899508316094486432004674762153778707714607416372796168939611315950986158571241820
114066308976338493234674369703321793513189154690778778238200283418862739065099123078708949754158047243216002337381076889353857303708186398084469805657975493079285620910
57033154488169246617337184851660896756594577345389389119100141709431369532549561539354474877079023621608001168690538444676928651854093199042234902828987746539642810455
85549731732253869926005777277491345134891866018084083678650212564147054298824342309031712315618535432412001753035807667015392977781139798563352354243481619809464215683
128324597598380804889008665916237017702337799027126125517975318846220581448236513463547568473427803148618002629553711500523089466671709697845028531365222429714196323525
192486896397571207333512998874355526553506698540689188276962978269330872172354770195321352710141704722927003944330567250784634200007564546767542797047833644571294485288
96243448198785603666756499437177763276753349270344594138481489134665436086177385097660676355070852361463501972165283625392317100003782273383771398523916822285647242644
48121724099392801833378249718588881638376674635172297069240744567332718043088692548830338177535426180731750986082641812696158550001891136691885699261958411142823621322
24060862049696400916689124859294440819188337317586148534620372283666359021544346274415169088767713090365875493041320906348079275000945568345942849630979205571411810661
36091293074544601375033687288941661228782505976379222801930558425499538532316519411622753633151569635548813239561981359522118912501418352518914274446468808357117715992
18045646537272300687516843644470830614391252988189611400965279212749769266158259705811376816575784817774406619780990679761059456250709176259457137223234404178558857996
9022823268636150343758421822235415307195626494094805700482639606374884633079129852905688408287892408887203309890495339880529728125354588129728568611617202089279428998
4511411634318075171879210911117707653597813247047402850241319803187442316539564926452844204143946204443601654945247669940264864062677294064864284305808601044639714499
6767117451477112757818816366676561480396719870571104275361979704781163474809347389679266306215919306665402482417871504910397296094015941097296426458712901566959571749
10150676177215669136728224550014842220595079805856656413042969557171745212214021084518899459323878959998103723626807257365595944141023911645944639688069352350439357624
5075338088607834568364112275007421110297539902928328206521484778585872606107010542259449729661939479999051861813403628682797972070511955822972319844034676175219678812
2537669044303917284182056137503710555148769951464164103260742389292936303053505271129724864830969739999525930906701814341398986035255977911486159922017338087609839406
1268834522151958642091028068751855277574384975732082051630371194646468151526752635564862432415484869999762965453350907170699493017627988955743079961008669043804919703
1903251783227937963136542103127782916361577463598123077445556791969702227290128953347293648623227304999644448180026360756049239526441983433614619941513003565707379555
2854877674841906944704813154691674374542366195397184616168335187954553340935193430020940472934840957499466672270039541134073859289662975150421929912269505348561069333
4282316512262860417057219732037511561813549293095776924252502781931830011402790145031410709402261436249200008405059311701110788934494462725632894868404258022841604000
2141158256131430208528609866018755780906774646547888462126251390965915005701395072515705354701130718124600004202529655850555394467247231362816447434202129011420802000
1070579128065715104264304933009377890453387323273944231063125695482957502850697536257852677350565359062300002101264827925277697233623615681408223717101064505710401000
535289564032857552132152466504688945226693661636972115531562847741478751425348768128926338675282679531150001050632413962638848616811807840704111858550532252855200500
267644782016428776066076233252344472613346830818486057765781423870739375712674384064463169337641339765575000525316206981319424308405903920352055929275266126427600250
133822391008214388033038116626172236306673415409243028882890711935369687856337192032231584668820669882787500262658103490659712154202951960176027964637633063213800125
200733586512321582049557174939258354460010123113864543324336067903054531784505788048347377003231004824181250393987155235989568231304427940264041946956449594820700188
100366793256160791024778587469629177230005061556932271662168033951527265892252894024173688501615502412090625196993577617994784115652213970132020973478224797410350094
50183396628080395512389293734814588615002530778466135831084016975763632946126447012086844250807751206045312598496788808997392057826106985066010486739112398705175047
75275094942120593268583940602221882922503796167699203746626025463645449419189670518130266376211626809067968897745183213496088086739160477599015730108668598057762571
112912642413180889902875910903332824383755694251548805619939038195468174128784505777195399564317440213601953346617774820244132130108740716398523595163002897086643857
169368963619771334854313866354999236575633541377323208429908557293202261193176758665793099346476160320402930019926662230366198195163111074597785392744504345629965786
84684481809885667427156933177499618287816770688661604214954278646601130596588379332896549673238080160201465009963331115183099097581555537298892696372252172814982893
127026722714828501140735399766249427431725156032992406322431417969901695894882568999344824509857120240302197514944996672774648646372333305948339044558378259222474340
63513361357414250570367699883124713715862578016496203161215708984950847947441284499672412254928560120151098757472498336387324323186166652974169522279189129611237170
31756680678707125285183849941562356857931289008248101580607854492475423973720642249836206127464280060075549378736249168193662161593083326487084761139594564805618585
47635021018060687927775774912343535286896933512372152370911781738713135960580963374754309191196420090113324068104373752290493242389624989730627141709391847208427878
23817510509030343963887887456171767643448466756186076185455890869356567980290481687377154595598210045056662034052186876145246621194812494865313570854695923604213939
35726265763545515945831831184257651465172700134279114278183836304034851970435722531065731893397315067584993051078280314217869931792218742297970356282043885406320909
53589398645318273918747746776386477197759050201418671417275754456052277955653583796598597840095972601377489576617420471326804897688328113446955534423065828109481364
26794699322659136959373873388193238598879525100709335708637877228026138977826791898299298920047986300688744788308710235663402448844164056723477767211532914054740682
13397349661329568479686936694096619299439762550354667854318938614013069488913395949149649460023993150344372394154355117831701224422082028361738883605766457027370341
20096024491994352719530405041144928949159643825532001781478407921019604233370093923724474190035989725516558591231532676747551836633123042542608325408649685541055512
10048012245997176359765202520572464474579821912766000890739203960509802116685046961862237095017994862758279295615766338373775918316561521271304162704324842770527756
5024006122998588179882601260286232237289910956383000445369601980254901058342523480931118547508997431379139647807883169186887959158280760635652081352162421385263878
2512003061499294089941300630143116118644955478191500222684800990127450529171261740465559273754498715689569823903941584593443979579140380317826040676081210692631939
3768004592248941134911950945214674177967433217287250334027201485191175793756892610698338910631748073534354735855912376890165969368710570476739061014121816038947909
5652006888373411702367926417822011266951149825930875501040802227786763690635338916047508365947622110301532103783868565335248954053065855715108591521182724058421864
2826003444186705851183963208911005633475574912965437750520401113893381845317669458023754182973811055150766051891934282667624477026532927857554295760591362029210932
1413001722093352925591981604455502816737787456482718875260200556946690922658834729011877091486905527575383025945967141333812238513266463928777147880295681014605466
706500861046676462795990802227751408368893728241359437630100278473345461329417364505938545743452763787691512972983570666906119256633231964388573940147840507302733
1059751291570014694193986203341627112553340592362039156445150417710018191994126046758907818615179145681537269459475356000359178884949847946582860910221760760954100
529875645785007347096993101670813556276670296181019578222575208855009095997063023379453909307589572840768634729737678000179589442474923973291430455110880380477050
264937822892503673548496550835406778138335148090509789111287604427504547998531511689726954653794786420384317364868839000089794721237461986645715227555440190238525
397406734338755510322744826253110167207502722135764683666931406641256821997797267534590431980692179630576476047303258500134692081856192979968572841333160285357788
198703367169377755161372413126555083603751361067882341833465703320628410998898633767295215990346089815288238023651629250067346040928096489984286420666580142678894
99351683584688877580686206563277541801875680533941170916732851660314205499449316883647607995173044907644119011825814625033673020464048244992143210333290071339447
149027525377033316371029309844916312702813520800911756375099277490471308249173975325471411992759567361466178517738721937550509530696072367488214815499935107009171
223541288065549974556543964767374469054220281201367634562648916235706962373760962988207117989139351042199267776608082906325764296044108551232322223249902660513757
335311932098324961834815947151061703581330421802051451843973374353560443560641444482310676983709026563298901664912124359488646444066162826848483334874853990770636
167655966049162480917407973575530851790665210901025725921986687176780221780320722241155338491854513281649450832456062179744323222033081413424241667437426995385318
83827983024581240458703986787765425895332605450512862960993343588390110890160361120577669245927256640824725416228031089872161611016540706712120833718713497692659
125741974536871860688055980181648138842998908175769294441490015382585166335240541680866503868890884961237088124342046634808242416524811060068181250578070246538989
188612961805307791032083970272472208264498362263653941662235023073877749502860812521299755803336327441855632186513069952212363624787216590102271875867105369808484
94306480902653895516041985136236104132249181131826970831117511536938874751430406260649877901668163720927816093256534976106181812393608295051135937933552684904242
47153240451326947758020992568118052066124590565913485415558755768469437375715203130324938950834081860463908046628267488053090906196804147525567968966776342452121
70729860676990421637031488852177078099186885848870228123338133652704156063572804695487408426251122790695862069942401232079636359295206221288351953450164513678182
35364930338495210818515744426088539049593442924435114061669066826352078031786402347743704213125561395347931034971200616039818179647603110644175976725082256839091
53047395507742816227773616639132808574390164386652671092503600239528117047679603521615556319688342093021896552456800924059727269471404665966263965087623385258637
79571093261614224341660424958699212861585246579979006638755400359292175571519405282423334479532513139532844828685201386089590904207106998949395947631435077887956
39785546630807112170830212479349606430792623289989503319377700179646087785759702641211667239766256569766422414342600693044795452103553499474697973815717538943978
19892773315403556085415106239674803215396311644994751659688850089823043892879851320605833619883128284883211207171300346522397726051776749737348986907858769471989
29839159973105334128122659359512204823094467467492127489533275134734565839319776980908750429824692427324816810756950519783596589077665124606023480361788154207984
14919579986552667064061329679756102411547233733746063744766637567367282919659888490454375214912346213662408405378475259891798294538832562303011740180894077103992
7459789993276333532030664839878051205773616866873031872383318783683641459829944245227187607456173106831204202689237629945899147269416281151505870090447038551996
3729894996638166766015332419939025602886808433436515936191659391841820729914972122613593803728086553415602101344618814972949573634708140575752935045223519275998
1864947498319083383007666209969512801443404216718257968095829695920910364957486061306796901864043276707801050672309407486474786817354070287876467522611759637999
2797421247478625074511499314954269202165106325077386952143744543881365547436229091960195352796064915061701576008464111229712180226031105431814701283917639456999
4196131871217937611767248972431403803247659487616080428215616815822048321154343637940293029194097372592552364012696166844568270339046658147722051925876459185499
6294197806826906417650873458647105704871489231424120642323425223733072481731515456910439543791146058888828546019044250266852405508569987221583077888814688778249
9441296710240359626476310187970658557307233847136180963485137835599608722597273185365659315686719088333242819028566375400278608262854980832374616833222033167374
4720648355120179813238155093985329278653616923568090481742568917799804361298636592682829657843359544166621409514283187700139304131427490416187308416611016583687
7080972532680269719857232640977993917980425385352135722613853376699706541947954889024244486765039316249932114271424781550208956197141235624280962624916524875531
10621458799020404579785848961466990876970638078028203583920780065049559812921932333536366730147558974374898171407137172325313434295711853436421443937374787313297
15932188198530606869678773442200486315455957117042305375881170097574339719382898500304550095221338461562347257110705758487970151443567780154632165906062180969946
7966094099265303434839386721100243157727978558521152687940585048787169859691449250152275047610669230781173628555352879243985075721783890077316082953031090484973
11949141148897955152259080081650364736591967837781729031910877573180754789537173875228412571416003846171760442833029318865977613582675835115974124429546635727460
5974570574448977576129540040825182368295983918890864515955438786590377394768586937614206285708001923085880221416514659432988806791337917557987062214773317863730
2987285287224488788064770020412591184147991959445432257977719393295188697384293468807103142854000961542940110708257329716494403395668958778993531107386658931865
4480927930836733182097155030618886776221987939168148386966579089942783046076440203210654714281001442314410166062385994574741605093503438168490296661079988397798
2240463965418366591048577515309443388110993969584074193483289544971391523038220101605327357140500721157205083031192997287370802546751719084245148330539994198899
3360695948127549886572866272964165082166490954376111290224934317457087284557330152407991035710751081735807624546789495931056203820127578626367722495809991298349
5041043922191324829859299409446247623249736431564166935337401476185630926835995228611986553566126622603711436820184243896584305730191367939551583743714986947524
2520521961095662414929649704723123811624868215782083467668700738092815463417997614305993276783063311301855718410092121948292152865095683969775791871857493473762
1260260980547831207464824852361561905812434107891041733834350369046407731708998807152996638391531655650927859205046060974146076432547841984887895935928746736881
1890391470821746811197237278542342858718651161836562600751525553569611597563498210729494957587297483476391788807569091461219114648821762977331843903893120105322
945195735410873405598618639271171429359325580918281300375762776784805798781749105364747478793648741738195894403784545730609557324410881488665921951946560052661
1417793603116310108397927958906757144038988371377421950563644165177208698172623658047121218190473112607293841605676818595914335986616322232998882927919840078992
708896801558155054198963979453378572019494185688710975281822082588604349086311829023560609095236556303646920802838409297957167993308161116499441463959920039496
354448400779077527099481989726689286009747092844355487640911041294302174543155914511780304547618278151823460401419204648978583996654080558249720731979960019748
177224200389538763549740994863344643004873546422177743820455520647151087271577957255890152273809139075911730200709602324489291998327040279124860365989980009874
88612100194769381774870497431672321502436773211088871910227760323575543635788978627945076136904569537955865100354801162244645999163520139562430182994990004937
132918150292154072662305746147508482253655159816633307865341640485363315453683467941917614205356854306933797650532201743366968998745280209343645274492485007406
66459075146077036331152873073754241126827579908316653932670820242681657726841733970958807102678427153466898825266100871683484499372640104671822637246242503703
99688612719115554496729309610631361690241369862474980899006230364022486590262600956438210654017640730200348237899151307525226749058960157007733955869363755555
149532919078673331745093964415947042535362054793712471348509345546033729885393901434657315981026461095300522356848726961287840123588440235511600933804045633333
224299378618009997617640946623920563803043082190568707022764018319050594828090852151985973971539691642950783535273090441931760185382660353267401400706068450000
112149689309004998808820473311960281901521541095284353511382009159525297414045426075992986985769845821475391767636545220965880092691330176633700700353034225000
56074844654502499404410236655980140950760770547642176755691004579762648707022713037996493492884922910737695883818272610482940046345665088316850350176517112500
28037422327251249702205118327990070475380385273821088377845502289881324353511356518998246746442461455368847941909136305241470023172832544158425175088258556250
14018711163625624851102559163995035237690192636910544188922751144940662176755678259499123373221230727684423970954568152620735011586416272079212587544129278125
21028066745438437276653838745992552856535288955365816283384126717410993265133517389248685059831846091526635956431852228931102517379624408118818881316193917188
10514033372719218638326919372996276428267644477682908141692063358705496632566758694624342529915923045763317978215926114465551258689812204059409440658096958594
5257016686359609319163459686498138214133822238841454070846031679352748316283379347312171264957961522881658989107963057232775629344906102029704720329048479297
7885525029539413978745189529747207321200733358262181106269047519029122474425069020968256897436942284322488483661944585849163444017359153044557080493572718946
3942762514769706989372594764873603660600366679131090553134523759514561237212534510484128448718471142161244241830972292924581722008679576522278540246786359473
5914143772154560484058892147310405490900550018696635829701785639271841855818801765726192673077706713241866362746458439386872583013019364783417810370179539210
2957071886077280242029446073655202745450275009348317914850892819635920927909400882863096336538853356620933181373229219693436291506509682391708905185089769605
4435607829115920363044169110482804118175412514022476872276339229453881391864101324294644504808280034931399772059843829540154437259764523587563357777634654408
2217803914557960181522084555241402059087706257011238436138169614726940695932050662147322252404140017465699886029921914770077218629882261793781678888817327204
1108901957278980090761042277620701029543853128505619218069084807363470347966025331073661126202070008732849943014960957385038609314941130896890839444408663602
554450978639490045380521138810350514771926564252809609034542403681735173983012665536830563101035004366424971507480478692519304657470565448445419722204331801
831676467959235068070781708215525772157889846379214413551813605522602760974518998305245844651552506549637457261220718038778956986205848172668129583306497702
415838233979617534035390854107762886078944923189607206775906802761301380487259499152622922325776253274818728630610359019389478493102924086334064791653248851
623757350969426301053086281161644329118417384784410810163860204141952070730889248728934383488664379912228092945915538529084217739654386129501097187479873277
935636026454139451579629421742466493677626077176616215245790306212928106096333873093401575232996569868342139418873307793626326609481579194251645781219809916
467818013227069725789814710871233246838813038588308107622895153106464053048166936546700787616498284934171069709436653896813163304740789597125822890609904958
233909006613534862894907355435616623419406519294154053811447576553232026524083468273350393808249142467085534854718326948406581652370394798562911445304952479
350863509920302294342361033153424935129109778941231080717171364829848039786125202410025590712373713700628302282077490422609872478555592197844367167957428719
526295264880453441513541549730137402693664668411846621075757047244772059679187803615038386068560570550942453423116235633914808717833388296766550751936143079
789442897320680162270312324595206104040497002617769931613635570867158089518781705422557579102840855826413680134674353450872213076750082445149826127904214619
1184164345981020243405468486892809156060745503926654897420453356300737134278172558133836368654261283739620520202011530176308319615125123667724739191856321929
1776246518971530365108202730339213734091118255889982346130680034451105701417258837200754552981391925609430780303017295264462479422687685501587108787784482894
888123259485765182554101365169606867045559127944991173065340017225552850708629418600377276490695962804715390151508647632231239711343842750793554393892241447
1332184889228647773831152047754410300568338691917486759598010025838329276062944127900565914736043944207073085227262971448346859567015764126190331590838362171
1998277333842971660746728071631615450852508037876230139397015038757493914094416191850848872104065916310609627840894457172520289350523646189285497386257543257
2997416000764457491120092107447423176278762056814345209095522558136240871141624287776273308156098874465914441761341685758780434025785469283928246079386314886
1498708000382228745560046053723711588139381028407172604547761279068120435570812143888136654078049437232957220880670842879390217012892734641964123039693157443
2248062000573343118340069080585567382209071542610758906821641918602180653356218215832204981117074155849435831321006264319085325519339101962946184559539736165
3372093000860014677510103620878351073313607313916138360232462877903270980034327323748307471675611233774153746981509396478627988279008652944419276839309604248
1686046500430007338755051810439175536656803656958069180116231438951635490017163661874153735837805616887076873490754698239313994139504326472209638419654802124
843023250215003669377525905219587768328401828479034590058115719475817745008581830937076867918902808443538436745377349119656997069752163236104819209827401062
421511625107501834688762952609793884164200914239517295029057859737908872504290915468538433959451404221769218372688674559828498534876081618052409604913700531
632267437661252752033144428914690826246301371359275942543586789606863308756436373202807650939177106332653827559033011839742747802314122427078614407370550797
948401156491879128049716643372036239369452057038913913815380184410294963134654559804211476408765659498980741338549517759614121703471183640617921611055826196
474200578245939564024858321686018119684726028519456956907690092205147481567327279902105738204382829749490370669274758879807060851735591820308960805527913098
237100289122969782012429160843009059842363014259728478453845046102573740783663639951052869102191414874745185334637379439903530425867795910154480402763956549
355650433684454673018643741264513589763544521389592717680767569153860611175495459926579303653287122312117778001956069159855295638801693865231720604145934824
177825216842227336509321870632256794881772260694796358840383784576930305587747729963289651826643561156058889000978034579927647819400846932615860302072967412
88912608421113668254660935316128397440886130347398179420191892288465152793873864981644825913321780578029444500489017289963823909700423466307930151036483706
44456304210556834127330467658064198720443065173699089710095946144232576396936932490822412956660890289014722250244508644981911954850211733153965075518241853
66684456315835251190995701487096298080664597760548634565143919216348864595405398736233619434991335433522083375366762967472867932275317599730947613277362780
33342228157917625595497850743548149040332298880274317282571959608174432297702699368116809717495667716761041687683381483736433966137658799865473806638681390
16671114078958812797748925371774074520166149440137158641285979804087216148851349684058404858747833858380520843841690741868216983068829399932736903319340695
25006671118438219196623388057661111780249224160205737961928969706130824223277024526087607288121750787570781265762536112802325474603244099899105354979011043
37510006677657328794935082086491667670373836240308606942893454559196236334915536789131410932182626181356171898643804169203488211904866149848658032468516565
56265010016485993192402623129737501505560754360462910414340181838794354502373305183697116398273939272034257847965706253805232317857299224772987048702774848
28132505008242996596201311564868750752780377180231455207170090919397177251186652591848558199136969636017128923982853126902616158928649612386493524351387424
14066252504121498298100655782434375376390188590115727603585045459698588625593326295924279099568484818008564461991426563451308079464324806193246762175693712
7033126252060749149050327891217187688195094295057863801792522729849294312796663147962139549784242409004282230995713281725654039732162403096623381087846856
3516563126030374574525163945608593844097547147528931900896261364924647156398331573981069774892121204502141115497856640862827019866081201548311690543923428
1758281563015187287262581972804296922048773573764465950448130682462323578199165786990534887446060602251070557748928320431413509933040600774155845271961714
879140781507593643631290986402148461024386786882232975224065341231161789099582893495267443723030301125535278874464160215706754966520300387077922635980857
1318711172261390465446936479603222691536580180323349462836098011846742683649374340242901165584545451688302918311696240323560132449780450580616883953971286
659355586130695232723468239801611345768290090161674731418049005923371341824687170121450582792272725844151459155848120161780066224890225290308441976985643
989033379196042849085202359702417018652435135242512097127073508885057012737030755182175874188409088766227188733772180242670099337335337935462662965478465
1483550068794064273627803539553625527978652702863768145690610263327585519105546132773263811282613633149340783100658270364005149006003006903193994448217698
741775034397032136813901769776812763989326351431884072845305131663792759552773066386631905641306816574670391550329135182002574503001503451596997224108849
1112662551595548205220852654665219145983989527147826109267957697495689139329159599579947858461960224862005587325493702773003861754502255177395495836163274
556331275797774102610426327332609572991994763573913054633978848747844569664579799789973929230980112431002793662746851386501930877251127588697747918081637
834496913696661153915639490998914359487992145360869581950968273121766854496869699684960893846470168646504190494120277079752896315876691383046621877122456
417248456848330576957819745499457179743996072680434790975484136560883427248434849842480446923235084323252095247060138539876448157938345691523310938561228
208624228424165288478909872749728589871998036340217395487742068280441713624217424921240223461617542161626047623530069269938224078969172845761655469280614
104312114212082644239454936374864294935999018170108697743871034140220856812108712460620111730808771080813023811765034634969112039484586422880827734640307
156468171318123966359182404562296442403998527255163046615806551210331285218163068690930167596213156621219535717647551952453668059226879634321241601960461
234702256977185949538773606843444663605997790882744569923709826815496927827244603036395251394319734931829303576471327928680502088840319451481862402940692
117351128488592974769386803421722331802998895441372284961854913407748463913622301518197625697159867465914651788235663964340251044420159725740931201470346
58675564244296487384693401710861165901499447720686142480927456703874231956811150759098812848579933732957325894117831982170125522210079862870465600735173
88013346366444731077040102566291748852249171581029213721391185055811347935216726138648219272869900599435988841176747973255188283315119794305698401102760
44006673183222365538520051283145874426124585790514606860695592527905673967608363069324109636434950299717994420588373986627594141657559897152849200551380
22003336591611182769260025641572937213062292895257303430347796263952836983804181534662054818217475149858997210294186993313797070828779948576424600275690
11001668295805591384630012820786468606531146447628651715173898131976418491902090767331027409108737574929498605147093496656898535414389974288212300137845
16502502443708387076945019231179702909796719671442977572760847197964627737853136150996541113663106362394247907720640244985347803121584961432318450206768
8251251221854193538472509615589851454898359835721488786380423598982313868926568075498270556831553181197123953860320122492673901560792480716159225103384
4125625610927096769236254807794925727449179917860744393190211799491156934463284037749135278415776590598561976930160061246336950780396240358079612551692
2062812805463548384618127403897462863724589958930372196595105899745578467231642018874567639207888295299280988465080030623168475390198120179039806275846
1031406402731774192309063701948731431862294979465186098297552949872789233615821009437283819603944147649640494232540015311584237695099060089519903137923
1547109604097661288463595552923097147793442469197779147446329424809183850423731514155925729405916221474460741348810022967376356542648590134279854706885
2320664406146491932695393329384645721690163703796668721169494137213775775635597271233888594108874332211691112023215034451064534813972885201419782060328
1160332203073245966347696664692322860845081851898334360584747068606887887817798635616944297054437166105845556011607517225532267406986442600709891030164
580166101536622983173848332346161430422540925949167180292373534303443943908899317808472148527218583052922778005803758612766133703493221300354945515082
290083050768311491586924166173080715211270462974583590146186767151721971954449658904236074263609291526461389002901879306383066851746610650177472757541
435124576152467237380386249259621072816905694461875385219280150727582957931674488356354111395413937289692083504352818959574600277619915975266209136312
217562288076233618690193124629810536408452847230937692609640075363791478965837244178177055697706968644846041752176409479787300138809957987633104568156
108781144038116809345096562314905268204226423615468846304820037681895739482918622089088527848853484322423020876088204739893650069404978993816552284078
54390572019058404672548281157452634102113211807734423152410018840947869741459311044544263924426742161211510438044102369946825034702489496908276142039
81585858028587607008822421736178951153169817711601634728615028261421804612188966566816395886640113241817265657066153554920237552053734245362414213059
122378787042881410513233632604268426729754726567402452092922542392132706918283449850224593829960169862725898485599230332380356328080601368043621319589
183568180564322115769850448906402640094632089851103678139383813588199060377425174775336890744940254794088847728398845498570534492120902052065431979384
91784090282161057884925224453201320047316044925551839069691906794099530188712587387668445372470127397044423864199422749285267246060451026032715989692
45892045141080528942462612226600660023658022462775919534845953397049765094356293693834222686235063698522211932099711374642633623030225513016357994846
22946022570540264471231306113300330011829011231387959767422976698524882547178146846917111343117531849261105966049855687321316811515112756508178997423
34419033855810396706846959169950495017743516847081939651134465047787323820767220270375667014676297773891658949074783530981975217272669134762268496135
51628550783715595060270438754925742526615275270622909476701697571680985731150830405563500522014446660837488423612175296472962825909003702143402744203
77442826175573392590405658132388613789922912905934364215052546357521478596726245608345250783021669991256232635418262944709444238863505553215104116305
116164239263360088885608487198582920684884369358901546322578819536282217895089368412517876174532504986884348953127394417064166358295258329822656174458
58082119631680044442804243599291460342442184679450773161289409768141108947544684206258938087266252493442174476563697208532083179147629164911328087229
87123179447520066664206365398937190513663277019176159741934114652211663421317026309388407130899378740163261714845545812798124768721443747366992130844
43561589723760033332103182699468595256831638509588079870967057326105831710658513154694203565449689370081630857422772906399062384360721873683496065422
21780794861880016666051591349734297628415819254794039935483528663052915855329256577347101782724844685040815428711386453199531192180360936841748032711
32671192292820024999077387024601446442623728882191059903225292994579373782993884866020652674087267027561223143067079679799296788270541405262622049067
49006788439230037498616080536902169663935593323286589854837939491869060674490827299030979011130900541341834714600619519698945182405812107893933073601
73510182658845056247924120805353254495903389984929884782256909237803591011736240948546468516696350812012752071900929279548417773608718161840899610402
36755091329422528123962060402676627247951694992464942391128454618901795505868120474273234258348175406006376035950464639774208886804359080920449805201
55132636994133792185943090604014940871927542488697413586692681928352693258802180711409851387522263109009564053925696959661313330206538621380674707802
27566318497066896092971545302007470435963771244348706793346340964176346629401090355704925693761131554504782026962848479830656665103269310690337353901
41349477745600344139457317953011205653945656866523060190019511446264519944101635533557388540641697331757173040444272719745984997654903966035506030852
20674738872800172069728658976505602826972828433261530095009755723132259972050817766778694270320848665878586520222136359872992498827451983017753015426
10337369436400086034864329488252801413486414216630765047504877861566129986025408883389347135160424332939293260111068179936496249413725991508876507713
15506054154600129052296494232379202120229621324946147571257316792349194979038113325084020702740636499408939890166602269904744374120588987263314761570
7753027077300064526148247116189601060114810662473073785628658396174597489519056662542010351370318249704469945083301134952372187060294493631657380785
11629540615950096789222370674284401590172215993709610678442987594261896234278584993813015527055477374556704917624951702428558280590441740447486071178
5814770307975048394611185337142200795086107996854805339221493797130948117139292496906507763527738687278352458812475851214279140295220870223743035589
8722155461962572591916778005713301192629161995282208008832240695696422175708938745359761645291608030917528688218713776821418710442831305335614553384
4361077730981286295958389002856650596314580997641104004416120347848211087854469372679880822645804015458764344109356888410709355221415652667807276692
2180538865490643147979194501428325298157290498820552002208060173924105543927234686339940411322902007729382172054678444205354677610707826333903638346
1090269432745321573989597250714162649078645249410276001104030086962052771963617343169970205661451003864691086027339222102677338805353913166951819173
1635404149117982360984395876071243973617967874115414001656045130443079157945426014754955308492176505797036629041008833154016008208030869750427728760
817702074558991180492197938035621986808983937057707000828022565221539578972713007377477654246088252898518314520504416577008004104015434875213864380
408851037279495590246098969017810993404491968528853500414011282610769789486356503688738827123044126449259157260252208288504002052007717437606932190
204425518639747795123049484508905496702245984264426750207005641305384894743178251844369413561522063224629578630126104144252001026003858718803466095
306638277959621692684574226763358245053368976396640125310508461958077342114767377766554120342283094836944367945189156216378001539005788078205199143
459957416939432539026861340145037367580053464594960187965762692937116013172151066649831180513424642255416551917783734324567002308508682117307798715
689936125409148808540292010217556051370080196892440281948644039405674019758226599974746770770136963383124827876675601486850503462763023175961698073
1034904188113723212810438015326334077055120295338660422922966059108511029637339899962120156155205445074687241815013402230275755194144534763942547110
517452094056861606405219007663167038527560147669330211461483029554255514818669949981060078077602722537343620907506701115137877597072267381971273555
776178141085292409607828511494750557791340221503995317192224544331383272228004924971590117116404083806015431361260051672706816395608401072956910333
1164267211627938614411742767242125836687010332255992975788336816497074908342007387457385175674606125709023147041890077509060224593412601609435365500
582133605813969307205871383621062918343505166127996487894168408248537454171003693728692587837303062854511573520945038754530112296706300804717682750
291066802906984653602935691810531459171752583063998243947084204124268727085501846864346293918651531427255786760472519377265056148353150402358841375
436600204360476980404403537715797188757628874595997365920626306186403090628252770296519440877977297140883680140708779065897584222529725603538262063
654900306540715470606605306573695783136443311893996048880939459279604635942379155444779161316965945711325520211063168598846376333794588405307393095
982350459811073205909907959860543674704664967840994073321409188919406953913568733167168741975448918566988280316594752898269564500691882607961089643
1473525689716609808864861939790815512056997451761491109982113783379110430870353099750753112963173377850482420474892129347404346751037823911941634465
2210288534574914713297292909686223268085496177642236664973170675068665646305529649626129669444760066775723630712338194021106520126556735867912451698
1105144267287457356648646454843111634042748088821118332486585337534332823152764824813064834722380033387861815356169097010553260063278367933956225849
1657716400931186034972969682264667451064122133231677498729878006301499234729147237219597252083570050081792723034253645515829890094917551900934338774
828858200465593017486484841132333725532061066615838749364939003150749617364573618609798626041785025040896361517126822757914945047458775950467169387
1243287300698389526229727261698500588298091599923758124047408504726124426046860427914697939062677537561344542275690234136872417571188163925700754081
1864930951047584289344590892547750882447137399885637186071112757089186639070290641872046908594016306342016813413535351205308626356782245888551131122
932465475523792144672295446273875441223568699942818593035556378544593319535145320936023454297008153171008406706767675602654313178391122944275565561
1398698213285688217008443169410813161835353049914227889553334567816889979302717981404035181445512229756512610060151513403981469767586684416413348342
699349106642844108504221584705406580917676524957113944776667283908444989651358990702017590722756114878256305030075756701990734883793342208206674171
1049023659964266162756332377058109871376514787435670917165000925862667484477038486053026386084134172317384457545113635052986102325690013312310011257
1573535489946399244134498565587164807064772181153506375747501388794001226715557729079539579126201258476076686317670452579479153488535019968465016886
786767744973199622067249282793582403532386090576753187873750694397000613357778864539769789563100629238038343158835226289739576744267509984232508443
1180151617459799433100873924190373605298579135865129781810626041595500920036668296809654684344650943857057514738252839434609365116401264976348762665
1770227426189699149651310886285560407947868703797694672715939062393251380055002445214482026516976415785586272107379259151914047674601897464523143998
885113713094849574825655443142780203973934351898847336357969531196625690027501222607241013258488207892793136053689629575957023837300948732261571999
1327670569642274362238483164714170305960901527848271004536954296794938535041251833910861519887732311839189704080534444363935535755951423098392357999
1991505854463411543357724747071255458941352291772406506805431445192407802561877750866292279831598467758784556120801666545903303633927134647588536999
2987258781695117315036587120606883188412028437658609760208147167788611703842816626299438419747397701638176834181202499818854955450890701971382805499
4480888172542675972554880680910324782618042656487914640312220751682917555764224939449157629621096552457265251271803749728282433176336052957074208249
6721332258814013958832321021365487173927063984731871960468331127524376333646337409173736444431644828685897876907705624592423649764504079435611312374
3360666129407006979416160510682743586963531992365935980234165563762188166823168704586868222215822414342948938453852812296211824882252039717805656187
5040999194110510469124240766024115380445297988548903970351248345643282250234753056880302333323733621514423407680779218444317737323378059576708484281
7561498791165765703686361149036173070667946982823355955526872518464923375352129585320453499985600432271635111521168827666476605985067089365062726422
3780749395582882851843180574518086535333973491411677977763436259232461687676064792660226749992800216135817555760584413833238302992533544682531363211
5671124093374324277764770861777129803000960237117516966645154388848692531514097188990340124989200324203726333640876620749857454488800317023797044817
8506686140061486416647156292665694704501440355676275449967731583273038797271145783485510187483800486305589500461314931124786181733200475535695567226
4253343070030743208323578146332847352250720177838137724983865791636519398635572891742755093741900243152794750230657465562393090866600237767847783613
6380014605046114812485367219499271028376080266757206587475798687454779097953359337614132640612850364729192125345986198343589636299900356651771675420
3190007302523057406242683609749635514188040133378603293737899343727389548976679668807066320306425182364596062672993099171794818149950178325885837710
1595003651261528703121341804874817757094020066689301646868949671863694774488339834403533160153212591182298031336496549585897409074975089162942918855
2392505476892293054682012707312226635641030100033952470303424507795542161732509751605299740229818886773447047004744824378846113612462633744414378283
3588758215338439582023019060968339953461545150050928705455136761693313242598764627407949610344728330160170570507117236568269170418693950616621567425
5383137323007659373034528591452509930192317725076393058182705142539969863898146941111924415517092495240255855760675854852403755628040925924932351138
2691568661503829686517264295726254965096158862538196529091352571269984931949073470555962207758546247620127927880337927426201877814020462962466175569
4037352992255744529775896443589382447644238293807294793637028856904977397923610205833943311637819371430191891820506891139302816721030694443699263354
2018676496127872264887948221794691223822119146903647396818514428452488698961805102916971655818909685715095945910253445569651408360515347221849631677
3028014744191808397331922332692036835733178720355471095227771642678733048442707654375457483728364528572643918865380168354477112540773020832774447516
1514007372095904198665961166346018417866589360177735547613885821339366524221353827187728741864182264286321959432690084177238556270386510416387223758
757003686047952099332980583173009208933294680088867773806942910669683262110676913593864370932091132143160979716345042088619278135193255208193611879
1135505529071928148999470874759513813399942020133301660710414366004524893166015370390796556398136698214741469574517563132928917202789882812290417819
1703258293607892223499206312139270720099913030199952491065621549006787339749023055586194834597205047322112204361776344699393375804184824218435626729
2554887440411838335248809468208906080149869545299928736598432323510181009623534583379292251895807570983168306542664517049090063706277236327653440094
1277443720205919167624404734104453040074934772649964368299216161755090504811767291689646125947903785491584153271332258524545031853138618163826720047
1916165580308878751436607101156679560112402158974946552448824242632635757217650937534469188921855678237376229906998387786817547779707927245740080071
2874248370463318127154910651735019340168603238462419828673236363948953635826476406301703783382783517356064344860497581680226321669561890868610120107
4311372555694977190732365977602529010252904857693629743009854545923430453739714609452555675074175276034096517290746372520339482504342836302915180161
6467058833542465786098548966403793515379357286540444614514781818885145680609571914178833512611262914051144775936119558780509223756514254454372770242
3233529416771232893049274483201896757689678643270222307257390909442572840304785957089416756305631457025572387968059779390254611878257127227186385121
4850294125156849339573911724802845136534517964905333460886086364163859260457178935634125134458447185538358581952089669085381917817385690840779577682
2425147062578424669786955862401422568267258982452666730443043182081929630228589467817062567229223592769179290976044834542690958908692845420389788841
3637720593867637004680433793602133852400888473679000095664564773122894445342884201725593850843835389153768936464067251814036438363039268130584683262
1818860296933818502340216896801066926200444236839500047832282386561447222671442100862796925421917694576884468232033625907018219181519634065292341631
2728290445400727753510325345201600389300666355259250071748423579842170834007163151294195388132876541865326702348050438860527328772279451097938512447
4092435668101091630265488017802400583950999532888875107622635369763256251010744726941293082199314812797990053522075658290790993158419176646907768671
6138653502151637445398232026703600875926499299333312661433953054644884376516117090411939623298972219196985080283113487436186489737628764970361653007
9207980253227456168097348040055401313889748948999968992150929581967326564774175635617909434948458328795477620424670231154279734606443147455542479511
13811970379841184252146022060083101970834623423499953488226394372950989847161263453426864152422687493193216430637005346731419601909664721183313719267
20717955569761776378219033090124652956251935135249930232339591559426484770741895180140296228634031239789824645955508020097129402864497081774970578901
31076933354642664567328549635186979434377902702874895348509387339139727156112842770210444342951046859684736968933262030145694104296745622662455868352
15538466677321332283664274817593489717188951351437447674254693669569863578056421385105222171475523429842368484466631015072847052148372811331227934176
7769233338660666141832137408796744858594475675718723837127346834784931789028210692552611085737761714921184242233315507536423526074186405665613967088
3884616669330333070916068704398372429297237837859361918563673417392465894514105346276305542868880857460592121116657753768211763037093202832806983544
1942308334665166535458034352199186214648618918929680959281836708696232947257052673138152771434440428730296060558328876884105881518546601416403491772
971154167332583267729017176099593107324309459464840479640918354348116473628526336569076385717220214365148030279164438442052940759273300708201745886
485577083666291633864508588049796553662154729732420239820459177174058236814263168284538192858610107182574015139582219221026470379636650354100872943
728365625499437450796762882074694830493232094598630359730688765761087355221394752426807289287915160773861022709373328831539705569454975531151309415
1092548438249156176195144323112042245739848141897945539596033148641631032832092128640210933931872741160791534064059993247309558354182463296726964123
1638822657373734264292716484668063368609772212846918309394049722962446549248138192960316400897809111741187301096089989870964337531273694945090446185
2458233986060601396439074727002095052914658319270377464091074584443669823872207289440474601346713667611780951644134984806446506296910542417635669278
1229116993030300698219537363501047526457329159635188732045537292221834911936103644720237300673356833805890475822067492403223253148455271208817834639
1843675489545451047329306045251571289685993739452783098068305938332752367904155467080355951010035250708835713733101238604834879722682906813226751959
2765513234318176570993959067877356934528990609179174647102458907499128551856233200620533926515052876063253570599651857907252319584024360219840127939
4148269851477264856490938601816035401793485913768761970653688361248692827784349800930800889772579314094880355899477786860878479376036540329760191909
6222404777215897284736407902724053102690228870653142955980532541873039241676524701396201334658868971142320533849216680291317719064054810494640287864
3111202388607948642368203951362026551345114435326571477990266270936519620838262350698100667329434485571160266924608340145658859532027405247320143932
1555601194303974321184101975681013275672557217663285738995133135468259810419131175349050333664717242785580133462304170072829429766013702623660071966
777800597151987160592050987840506637836278608831642869497566567734129905209565587674525166832358621392790066731152085036414714883006851311830035983
1166700895727980740888076481760759956754417913247464304246349851601194857814348381511787750248537932089185100096728127554622072324510276967745053975
1750051343591971111332114722641139935131626869871196456369524777401792286721522572267681625372806898133777650145092191331933108486765415451617580963
2625077015387956666998172083961709902697440304806794684554287166102688430082283858401522438059210347200666475217638286997899662730148123177426371445
3937615523081935000497258125942564854046160457210192026831430749154032645123425787602283657088815520800999712826457430496849494095222184766139557168
1968807761540967500248629062971282427023080228605096013415715374577016322561712893801141828544407760400499856413228715248424747047611092383069778584
984403880770483750124314531485641213511540114302548006707857687288508161280856446900570914272203880200249928206614357624212373523805546191534889292
492201940385241875062157265742820606755770057151274003353928843644254080640428223450285457136101940100124964103307178812106186761902773095767444646
246100970192620937531078632871410303377885028575637001676964421822127040320214111725142728568050970050062482051653589406053093380951386547883722323
369151455288931406296617949307115455066827542863455502515446632733190560480321167587714092852076455075093723077480384109079640071427079821825583485
553727182933397109444926923960673182600241314295183253773169949099785840720481751381571139278114682612640584616220576163619460107140619732738375228
276863591466698554722463461980336591300120657147591626886584974549892920360240875690785569639057341306320292308110288081809730053570309866369187614
138431795733349277361231730990168295650060328573795813443292487274946460180120437845392784819528670653160146154055144040904865026785154933184593807
207647693600023916041847596485252443475090492860693720164938730912419690270180656768089177229293005979740219231082716061357297540177732399776890711
311471540400035874062771394727878665212635739291040580247408096368629535405270985152133765843939508969610328846624074092035946310266598599665336067
467207310600053811094157092091817997818953608936560870371112144552944303107906477728200648765909263454415493269936111138053919465399897899498004101
700810965900080716641235638137726996728430413404841305556668216829416454661859716592300973148863895181623239904904166707080879198099846849247006152
350405482950040358320617819068863498364215206702420652778334108414708227330929858296150486574431947590811619952452083353540439599049923424623503076
175202741475020179160308909534431749182107603351210326389167054207354113665464929148075243287215973795405809976226041676770219799524961712311751538
87601370737510089580154454767215874591053801675605163194583527103677056832732464574037621643607986897702904988113020838385109899762480856155875769
131402056106265134370231682150823811886580702513407744791875290655515585249098696861056432465411980346554357482169531257577664849643721284233813654
65701028053132567185115841075411905943290351256703872395937645327757792624549348430528216232705990173277178741084765628788832424821860642116906827
98551542079698850777673761613117858914935526885055808593906467991636688936824022645792324349058985259915768111627148443183248637232790963175360241
147827313119548276166510642419676788372403290327583712890859701987455033405236033968688486523588477889873652167440722664774872955849186444763040362
73913656559774138083255321209838394186201645163791856445429850993727516702618016984344243261794238944936826083720361332387436477924593222381520181
110870484839661207124882981814757591279302467745687784668144776490591275053927025476516364892691358417405239125580541998581154716886889833572280272
55435242419830603562441490907378795639651233872843892334072388245295637526963512738258182446345679208702619562790270999290577358443444916786140136
27717621209915301781220745453689397819825616936421946167036194122647818763481756369129091223172839604351309781395135499645288679221722458393070068
13858810604957650890610372726844698909912808468210973083518097061323909381740878184564545611586419802175654890697567749822644339610861229196535034
6929405302478825445305186363422349454956404234105486541759048530661954690870439092282272805793209901087827445348783874911322169805430614598267517
10394107953718238167957779545133524182434606351158229812638572795992932036305658638423409208689814851631741168023175812366983254708145921897401276
5197053976859119083978889772566762091217303175579114906319286397996466018152829319211704604344907425815870584011587906183491627354072960948700638
2598526988429559541989444886283381045608651587789557453159643198998233009076414659605852302172453712907935292005793953091745813677036480474350319
3897790482644339312984167329425071568412977381684336179739464798497349513614621989408778453258680569361902938008690929637618720515554720711525479
5846685723966508969476250994137607352619466072526504269609197197746024270421932984113167679888020854042854407013036394456428080773332081067288219
8770028585949763454214376491206411028929199108789756404413795796619036405632899476169751519832031281064281610519554591684642121159998121600932329
13155042878924645181321564736809616543393798663184634606620693694928554608449349214254627279748046921596422415779331887526963181739997182401398494
6577521439462322590660782368404808271696899331592317303310346847464277304224674607127313639874023460798211207889665943763481590869998591200699247
9866282159193483885991173552607212407545348997388475954965520271196415956337011910690970459811035191197316811834498915645222386304997886801048871
14799423238790225828986760328910818611318023496082713932448280406794623934505517866036455689716552786795975217751748373467833579457496830201573307
22199134858185338743480140493366227916977035244124070898672420610191935901758276799054683534574829180193962826627622560201750369186245245302359961
33298702287278008115220210740049341875465552866186106348008630915287903852637415198582025301862243770290944239941433840302625553779367867953539942
16649351143639004057610105370024670937732776433093053174004315457643951926318707599291012650931121885145472119970716920151312776889683933976769971
24974026715458506086415158055037006406599164649639579761006473186465927889478061398936518976396682827718208179956075380226969165334525900965154957
37461040073187759129622737082555509609898746974459369641509709779698891834217092098404778464595024241577312269934113070340453748001788851447732436
18730520036593879564811368541277754804949373487229684820754854889849445917108546049202389232297512120788656134967056535170226874000894425723866218
9365260018296939782405684270638877402474686743614842410377427444924722958554273024601194616148756060394328067483528267585113437000447212861933109
14047890027445409673608526405958316103712030115422263615566141167387084437831409536901791924223134090591492101225292401377670155500670819292899664
7023945013722704836804263202979158051856015057711131807783070583693542218915704768450895962111567045295746050612646200688835077750335409646449832
3511972506861352418402131601489579025928007528855565903891535291846771109457852384225447981055783522647873025306323100344417538875167704823224916
1755986253430676209201065800744789512964003764427782951945767645923385554728926192112723990527891761323936512653161550172208769437583852411612458
877993126715338104600532900372394756482001882213891475972883822961692777364463096056361995263945880661968256326580775086104384718791926205806229
1316989690073007156900799350558592134723002823320837213959325734442539166046694644084542992895918820992952384489871162629156577078187889308709344
658494845036503578450399675279296067361501411660418606979662867221269583023347322042271496447959410496476192244935581314578288539093944654354672
329247422518251789225199837639648033680750705830209303489831433610634791511673661021135748223979705248238096122467790657289144269546972327177336
164623711259125894612599918819824016840375352915104651744915716805317395755836830510567874111989852624119048061233895328644572134773486163588668
82311855629562947306299959409912008420187676457552325872457858402658697877918415255283937055994926312059524030616947664322286067386743081794334
41155927814781473653149979704956004210093838228776162936228929201329348938959207627641968527997463156029762015308473832161143033693371540897167
61733891722172210479724969557434006315140757343164244404343393801994023408438811441462952791996194734044643022962710748241714550540057311345751
92600837583258315719587454336151009472711136014746366606515090702991035112658217162194429187994292101066964534444066122362571825810085967018627
138901256374887473579381181504226514209066704022119549909772636054486552668987325743291643781991438151600446801666099183543857738715128950527941
208351884562331210369071772256339771313600056033179324864658954081729829003480988614937465672987157227400670202499148775315786608072693425791912
104175942281165605184535886128169885656800028016589662432329477040864914501740494307468732836493578613700335101249574387657893304036346712895956
52087971140582802592267943064084942828400014008294831216164738520432457250870247153734366418246789306850167550624787193828946652018173356447978
26043985570291401296133971532042471414200007004147415608082369260216228625435123576867183209123394653425083775312393596914473326009086678223989
39065978355437101944200957298063707121300010506221123412123553890324342938152685365300774813685091980137625662968590395371709989013630017335984
19532989177718550972100478649031853560650005253110561706061776945162171469076342682650387406842545990068812831484295197685854994506815008667992
9766494588859275486050239324515926780325002626555280853030888472581085734538171341325193703421272995034406415742147598842927497253407504333996
4883247294429637743025119662257963390162501313277640426515444236290542867269085670662596851710636497517203207871073799421463748626703752166998
2441623647214818871512559831128981695081250656638820213257722118145271433634542835331298425855318248758601603935536899710731874313351876083499
3662435470822228307268839746693472542621875984958230319886583177217907150451814252996947638782977373137902405903305349566097811470027814125249
5493653206233342460903259620040208813932813977437345479829874765826860725677721379495421458174466059706853608854958024349146717205041721187874
2746826603116671230451629810020104406966406988718672739914937382913430362838860689747710729087233029853426804427479012174573358602520860593937
4120239904675006845677444715030156610449610483078009109872406074370145544258291034621566093630849544780140206641218518261860037903781290890906
2060119952337503422838722357515078305224805241539004554936203037185072772129145517310783046815424772390070103320609259130930018951890645445453
3090179928506255134258083536272617457837207862308506832404304555777609158193718275966174570223137158585105154980913888696395028427835968168180
1545089964253127567129041768136308728918603931154253416202152277888804579096859137983087285111568579292552577490456944348197514213917984084090
772544982126563783564520884068154364459301965577126708101076138944402289548429568991543642555784289646276288745228472174098757106958992042045
1158817473189845675346781326102231546688952948365690062151614208416603434322644353487315463833676434469414433117842708261148135660438488063068
579408736594922837673390663051115773344476474182845031075807104208301717161322176743657731916838217234707216558921354130574067830219244031534
289704368297461418836695331525557886672238237091422515537903552104150858580661088371828865958419108617353608279460677065287033915109622015767
434556552446192128255042997288336830008357355637133773306855328156226287870991632557743298937628662926030412419191015597930550872664433023651
651834828669288192382564495932505245012536033455700659960282992234339431806487448836614948406442994389045618628786523396895826308996649535477
977752243003932288573846743898757867518804050183550989940424488351509147709731173254922422609664491583568427943179785095343739463494974303216
488876121501966144286923371949378933759402025091775494970212244175754573854865586627461211304832245791784213971589892547671869731747487151608
244438060750983072143461685974689466879701012545887747485106122087877286927432793313730605652416122895892106985794946273835934865873743575804
122219030375491536071730842987344733439850506272943873742553061043938643463716396656865302826208061447946053492897473136917967432936871787902
61109515187745768035865421493672366719925253136471936871276530521969321731858198328432651413104030723973026746448736568458983716468435893951
91664272781618652053798132240508550079887879704707905306914795782953982597787297492648977119656046085959540119673104852688475574702653840927
137496409172427978080697198360762825119831819557061857960372193674430973896680946238973465679484069128939310179509657279032713362053980761391
206244613758641967121045797541144237679747729335592786940558290511646460845021419358460198519226103693408965269264485918549070043080971142087
309366920637962950681568696311716356519621594003389180410837435767469691267532129037690297778839155540113447903896728877823605064621456713131
464050380956944426022353044467574534779432391005083770616256153651204536901298193556535446668258733310170171855845093316735407596932185069697
696075571435416639033529566701361802169148586507625655924384230476806805351947290334803170002388099965255257783767639975103111395398277604546
348037785717708319516764783350680901084574293253812827962192115238403402675973645167401585001194049982627628891883819987551555697699138802273
522056678576562479275147175026021351626861439880719241943288172857605104013960467751102377501791074973941443337825729981327333546548708203410
261028339288281239637573587513010675813430719940359620971644086428802552006980233875551188750895537486970721668912864990663666773274354101705
391542508932421859456360381269516013720146079910539431457466129643203828010470350813326783126343306230456082503369297485995500159911531152558
195771254466210929728180190634758006860073039955269715728733064821601914005235175406663391563171653115228041251684648742997750079955765576279
293656881699316394592270285952137010290109559932904573593099597232402871007852763109995087344757479672842061877526973114496625119933648364419
440485322548974591888405428928205515435164339899356860389649395848604306511779144664992631017136219509263092816290459671744937679900472546629
660727983823461887832608143392308273152746509849035290584474093772906459767668716997488946525704329263894639224435689507617406519850708819944
330363991911730943916304071696154136576373254924517645292237046886453229883834358498744473262852164631947319612217844753808703259925354409972
165181995955865471958152035848077068288186627462258822646118523443226614941917179249372236631426082315973659806108922376904351629962677204986
82590997977932735979076017924038534144093313731129411323059261721613307470958589624686118315713041157986829903054461188452175814981338602493
123886496966899103968614026886057801216139970596694116984588892582419961206437884437029177473569561736980244854581691782678263722472007903740
61943248483449551984307013443028900608069985298347058492294446291209980603218942218514588736784780868490122427290845891339131861236003951870
30971624241724775992153506721514450304034992649173529246147223145604990301609471109257294368392390434245061213645422945669565930618001975935
46457436362587163988230260082271675456052488973760293869220834718407485452414206663885941552588585651367591820468134418504348895927002963903
69686154543880745982345390123407513184078733460640440803831252077611228178621309995828912328882878477051387730702201627756523343890504445855
104529231815821118973518085185111269776118100190960661205746878116416842267931964993743368493324317715577081596053302441634785015835756668783
156793847723731678460277127777666904664177150286440991808620317174625263401897947490615052739986476573365622394079953662452177523753635003175
235190771585597517690415691666500356996265725429661487712930475761937895102846921235922579109979714860048433591119930493678266285630452504763
352786157378396276535623537499750535494398588144492231569395713642906842654270381853883868664969572290072650386679895740517399428445678757145
529179236067594414803435306249625803241597882216738347354093570464360263981405572780825802997454358435108975580019843610776099142668518135718
264589618033797207401717653124812901620798941108369173677046785232180131990702786390412901498727179217554487790009921805388049571334259067859
396884427050695811102576479687219352431198411662553760515570177848270197986054179585619352248090768826331731685014882708082074357001388601789
595326640576043716653864719530829028646797617493830640773355266772405296979081269378429028372136153239497597527522324062123111535502082902684
297663320288021858326932359765414514323398808746915320386677633386202648489540634689214514186068076619748798763761162031061555767751041451342
148831660144010929163466179882707257161699404373457660193338816693101324244770317344607257093034038309874399381880581015530777883875520725671
223247490216016393745199269824060885742549106560186490290008225039651986367155476016910885639551057464811599072820871523296166825813281088507
334871235324024590617798904736091328613823659840279735435012337559477979550733214025366328459326586197217398609231307284944250238719921632761
502306852986036885926698357104136992920735489760419603152518506339216969326099821038049492688989879295826097913846960927416375358079882449142
251153426493018442963349178552068496460367744880209801576259253169608484663049910519024746344494939647913048956923480463708187679039941224571
376730139739527664445023767828102744690551617320314702364388879754412726994574865778537119516742409471869573435385220695562281518559911836857
565095209609291496667535651742154117035827425980472053546583319631619090491862298667805679275113614207804360153077831043343422277839867755286
282547604804645748333767825871077058517913712990236026773291659815809545245931149333902839637556807103902180076538915521671711138919933877643
423821407206968622500651738806615587776870569485354040159937489723714317868896724000854259456335210655853270114808373282507566708379900816465
635732110810452933750977608209923381665305854228031060239906234585571476803345086001281389184502815983779905172212559923761350062569851224698
317866055405226466875488804104961690832652927114015530119953117292785738401672543000640694592251407991889952586106279961880675031284925612349
476799083107839700313233206157442536248979390671023295179929675939178607602508814500961041888377111987834928879159419942821012546927388418524
238399541553919850156616603078721268124489695335511647589964837969589303801254407250480520944188555993917464439579709971410506273463694209262
119199770776959925078308301539360634062244847667755823794982418984794651900627203625240260472094277996958732219789854985705253136731847104631
178799656165439887617462452309040951093367271501633735692473628477191977850940805437860390708141416995438098329684782478557879705097770656947
268199484248159831426193678463561426640050907252450603538710442715787966776411208156790586062212125493157147494527173717836819557646655985421
402299226372239747139290517695342139960076360878675905308065664073681950164616812235185879093318188239735721241790760576755229336469983978132
201149613186119873569645258847671069980038180439337952654032832036840975082308406117592939546659094119867860620895380288377614668234991989066
100574806593059936784822629423835534990019090219668976327016416018420487541154203058796469773329547059933930310447690144188807334117495994533
150862209889589905177233944135753302485028635329503464490524624027630731311731304588194704659994320589900895465671535216283211001176243991800
75431104944794952588616972067876651242514317664751732245262312013815365655865652294097352329997160294950447732835767608141605500588121995900
37715552472397476294308486033938325621257158832375866122631156006907682827932826147048676164998580147475223866417883804070802750294060997950
18857776236198738147154243016969162810628579416187933061315578003453841413966413073524338082499290073737611933208941902035401375147030498975
28286664354298107220731364525453744215942869124281899591973367005180762120949619610286507123748935110606417899813412853053102062720545748463
42429996531447160831097046788180616323914303686422849387960050507771143181424429415429760685623402665909626849720119279579653094080818622695
63644994797170741246645570182270924485871455529634274081940075761656714772136644123144641028435103998864440274580178919369479641121227934043
95467492195756111869968355273406386728807183294451411122910113642485072158204966184716961542652655998296660411870268379054219461681841901065
143201238293634167804952532910109580093210774941677116684365170463727608237307449277075442313978983997444990617805402568581329192522762851598
71600619146817083902476266455054790046605387470838558342182585231863804118653724638537721156989491998722495308902701284290664596261381425799
107400928720225625853714399682582185069908081206257837513273877847795706177980586957806581735484237998083742963354051926435996894392072138699
161101393080338438780571599523873277604862121809386756269910816771693559266970880436709872603226356997125614445031077889653995341588108208049
241652089620507658170857399285809916407293182714080134404866225157540338900456320655064808904839535495688421667546616834480993012382162312074
120826044810253829085428699642904958203646591357040067202433112578770169450228160327532404452419767747844210833773308417240496506191081156037
181239067215380743628143049464357437305469887035560100803649668868155254175342240491298606678629651621766316250659962625860744759286621734056
90619533607690371814071524732178718652734943517780050401824834434077627087671120245649303339314825810883158125329981312930372379643310867028
45309766803845185907035762366089359326367471758890025200912417217038813543835560122824651669657412905441579062664990656465186189821655433514
22654883401922592953517881183044679663183735879445012600456208608519406771917780061412325834828706452720789531332495328232593094910827716757
33982325102883889430276821774567019494775603819167518900684312912779110157876670092118488752243059679081184296998742992348889642366241575136
16991162551441944715138410887283509747387801909583759450342156456389555078938335046059244376121529839540592148499371496174444821183120787568
8495581275720972357569205443641754873693900954791879725171078228194777539469167523029622188060764919770296074249685748087222410591560393784
4247790637860486178784602721820877436846950477395939862585539114097388769734583761514811094030382459885148037124842874043611205295780196892
2123895318930243089392301360910438718423475238697969931292769557048694384867291880757405547015191229942574018562421437021805602647890098446
1061947659465121544696150680455219359211737619348984965646384778524347192433645940378702773507595614971287009281210718510902801323945049223
1592921489197682317044226020682829038817606429023477448469577167786520788650468910568054160261393422456930513921816077766354201985917573835
2389382233796523475566339031024243558226409643535216172704365751679781182975703365852081240392090133685395770882724116649531302978876360753
3584073350694785213349508546536365337339614465302824259056548627519671774463555048778121860588135200528093656324086174974296954468314541130
1792036675347392606674754273268182668669807232651412129528274313759835887231777524389060930294067600264046828162043087487148477234157270565
2688055013021088910012131409902274003004710848977118194292411470639753830847666286583591395441101400396070242243064631230722715851235905848
1344027506510544455006065704951137001502355424488559097146205735319876915423833143291795697720550700198035121121532315615361357925617952924
672013753255272227503032852475568500751177712244279548573102867659938457711916571645897848860275350099017560560766157807680678962808976462
336006876627636113751516426237784250375588856122139774286551433829969228855958285822948924430137675049508780280383078903840339481404488231
504010314941454170627274639356676375563383284183209661429827150744953843283937428734423386645206512574263170420574618355760509222106732347
756015472412181255940911959035014563345074926274814492144740726117430764925906143101635079967809768861394755630861927533640763833160098521
1134023208618271883911367938552521845017612389412221738217111089176146147388859214652452619951714653292092133446292891300461145749740147782
567011604309135941955683969276260922508806194706110869108555544588073073694429607326226309975857326646046066723146445650230572874870073891
850517406463703912933525953914391383763209292059166303662833316882109610541644410989339464963785989969069100084719668475345859312305110837
1275776109695555869400288930871587075644813938088749455494249975323164415812466616484009197445678984953603650127079502713018788968457666256
637888054847777934700144465435793537822406969044374727747124987661582207906233308242004598722839492476801825063539751356509394484228833128
318944027423888967350072232717896768911203484522187363873562493830791103953116654121002299361419746238400912531769875678254697242114416564
159472013711944483675036116358948384455601742261093681936781246915395551976558327060501149680709873119200456265884937839127348621057208282
79736006855972241837518058179474192227800871130546840968390623457697775988279163530250574840354936559600228132942468919563674310528604141
119604010283958362756277087269211288341701306695820261452585935186546663982418745295375862260532404839400342199413703379345511465792906212
59802005141979181378138543634605644170850653347910130726292967593273331991209372647687931130266202419700171099706851689672755732896453106
29901002570989590689069271817302822085425326673955065363146483796636665995604686323843965565133101209850085549853425844836377866448226553
44851503856484386033603907725954233128137990010932598044719725694954998993407029485765948347699651814775128324780138767254566799672339830
22425751928242193016801953862977116564068995005466299022359862847477499496703514742882974173849825907387564162390069383627283399836169915
33638627892363289525202930794465674846103492508199448533539794271216249245055272114324461260774738861081346243585104075440925099754254873
50457941838544934287804396191698512269155238762299172800309691406824373867582908171486691891162108291622019365377656113161387649631382310
25228970919272467143902198095849256134577619381149586400154845703412186933791454085743345945581054145811009682688828056580693824815691155
37843456378908700715853297143773884201866429071724379600232268555118280400687181128615018918371581218716514524033242084871040737223536733
56765184568363051073779945715660826302799643607586569400348402832677420601030771692922528377557371828074771786049863127306561105835305100
28382592284181525536889972857830413151399821803793284700174201416338710300515385846461264188778685914037385893024931563653280552917652550
14191296142090762768444986428915206575699910901896642350087100708169355150257692923230632094389342957018692946512465781826640276458826275
21286944213136144152667479643372809863549866352844963525130651062254032725386539384845948141584014435528039419768698672739960414688239413
31930416319704216229001219465059214795324799529267445287695976593381049088079809077268922212376021653292059129653048009109940622032359120
15965208159852108114500609732529607397662399764633722643847988296690524544039904538634461106188010826646029564826524004554970311016179560
7982604079926054057250304866264803698831199882316861321923994148345262272019952269317230553094005413323014782413262002277485155508089780
3991302039963027028625152433132401849415599941158430660961997074172631136009976134658615276547002706661507391206631001138742577754044890
1995651019981513514312576216566200924707799970579215330480998537086315568004988067329307638273501353330753695603315500569371288877022445
2993476529972270271468864324849301387061699955868822995721497805629473352007482100993961457410252029996130543404973250854056933315533668
1496738264986135135734432162424650693530849977934411497860748902814736676003741050496980728705126014998065271702486625427028466657766834
748369132493067567867216081212325346765424988967205748930374451407368338001870525248490364352563007499032635851243312713514233328883417
1122553698739601351800824121818488020148137483450808623395561677111052507002805787872735546528844511248548953776864969070271349993325126
561276849369800675900412060909244010074068741725404311697780838555526253501402893936367773264422255624274476888432484535135674996662563
841915274054701013850618091363866015111103112588106467546671257833289380252104340904551659896633383436411715332648726802703512494993845
1262872911082051520775927137045799022666654668882159701320006886749934070378156511356827489844950075154617572998973090204055268742490768
631436455541025760387963568522899511333327334441079850660003443374967035189078255678413744922475037577308786499486545102027634371245384
315718227770512880193981784261449755666663667220539925330001721687483517594539127839206872461237518788654393249743272551013817185622692
157859113885256440096990892130724877833331833610269962665000860843741758797269563919603436230618759394327196624871636275506908592811346
78929556942628220048495446065362438916665916805134981332500430421870879398634781959801718115309379697163598312435818137753454296405673
118394335413942330072743169098043658374998875207702471998750645632806319097952172939702577172964069545745397468653727206630181444608510
59197167706971165036371584549021829187499437603851235999375322816403159548976086469851288586482034772872698734326863603315090722304255
88795751560456747554557376823532743781249156405776853999062984224604739323464129704776932879723052159309048101490295404972636083456383
133193627340685121331836065235299115671873734608665280998594476336907108985196194557165399319584578238963572152235443107458954125184575
199790441011027681997754097852948673507810601912997921497891714505360663477794291835748098979376867358445358228353164661188431187776863
299685661516541522996631146779423010261715902869496882246837571758040995216691437753622148469065301037668037342529746991782646781665295
449528492274812284494946720169134515392573854304245323370256357637061492825037156630433222703597951556502056013794620487673970172497943
674292738412218426742420080253701773088860781456367985055384536455592239237555734945649834055396927334753084020691930731510955258746915
1011439107618327640113630120380552659633291172184551977583076804683388358856333602418474751083095391002129626031037896097266432888120373
1517158661427491460170445180570828989449936758276827966374615207025082538284500403627712126624643086503194439046556844145899649332180560
758579330713745730085222590285414494724968379138413983187307603512541269142250201813856063312321543251597219523278422072949824666090280
379289665356872865042611295142707247362484189569206991593653801756270634571125100906928031656160771625798609761639211036474912333045140
189644832678436432521305647571353623681242094784603495796826900878135317285562550453464015828080385812899304880819605518237456166522570
94822416339218216260652823785676811840621047392301747898413450439067658642781275226732007914040192906449652440409802759118728083261285
142233624508827324390979235678515217760931571088452621847620175658601487964171912840098011871060289359674478660614704138678092124891928
71116812254413662195489617839257608880465785544226310923810087829300743982085956420049005935530144679837239330307352069339046062445964
35558406127206831097744808919628804440232892772113155461905043914650371991042978210024502967765072339918619665153676034669523031222982
17779203063603415548872404459814402220116446386056577730952521957325185995521489105012251483882536169959309832576838017334761515611491
26668804595405123323308606689721603330174669579084866596428782935987778993282233657518377225823804254938964748865257026002142273417237
40003206893107684984962910034582404995262004368627299894643174403981668489923350486277565838735706382408447123297885539003213410125856
20001603446553842492481455017291202497631002184313649947321587201990834244961675243138782919367853191204223561648942769501606705062928
10000801723276921246240727508645601248815501092156824973660793600995417122480837621569391459683926595602111780824471384750803352531464
5000400861638460623120363754322800624407750546078412486830396800497708561240418810784695729841963297801055890412235692375401676265732
2500200430819230311560181877161400312203875273039206243415198400248854280620209405392347864920981648900527945206117846187700838132866
1250100215409615155780090938580700156101937636519603121707599200124427140310104702696173932460490824450263972603058923093850419066433
1875150323114422733670136407871050234152906454779404682561398800186640710465157054044260898690736236675395958904588384640775628599650
937575161557211366835068203935525117076453227389702341280699400093320355232578527022130449345368118337697979452294192320387814299825
1406362742335817050252602305903287675614679841084553511921049100139980532848867790533195674018052177506546969178441288480581721449738
703181371167908525126301152951643837807339920542276755960524550069990266424433895266597837009026088753273484589220644240290860724869
1054772056751862787689451729427465756711009880813415133940786825104985399636650842899896755513539133129910226883830966360436291087304
527386028375931393844725864713732878355504940406707566970393412552492699818325421449948377756769566564955113441915483180218145543652
263693014187965696922362932356866439177752470203353783485196706276246349909162710724974188878384783282477556720957741590109072771826
131846507093982848461181466178433219588876235101676891742598353138123174954581355362487094439192391641238778360478870795054536385913
197769760640974272691772199267649829383314352652515337613897529707184762431872033043730641658788587461858167540718306192581804578870
98884880320487136345886099633824914691657176326257668806948764853592381215936016521865320829394293730929083770359153096290902289435
148327320480730704518829149450737372037485764489386503210423147280388571823904024782797981244091440596393625655538729644436353434153
222490980721096056778243724176106058056228646734079754815634720920582857735856037174196971866137160894590438483308094466654530151230
111245490360548028389121862088053029028114323367039877407817360460291428867928018587098485933068580447295219241654047233327265075615
166868235540822042583682793132079543542171485050559816111726040690437143301892027880647728899602870670942828862481070849990897613423
250302353311233063875524189698119315313257227575839724167589061035655714952838041820971593349404306006414243293721606274986346420135
375453529966849595813286284547178972969885841363759586251383591553483572429257062731457390024106459009621364940582409412479519630203
563180294950274393719929426820768459454828762045639379377075387330225358643885594097186085036159688514432047410873614118719279445305
844770442425411590579894140231152689182243143068459069065613080995338037965828391145779127554239532771648071116310421178078919167958
422385221212705795289947070115576344591121571534229534532806540497669018982914195572889563777119766385824035558155210589039459583979
633577831819058692934920605173364516886682357301344301799209810746503528474371293359334345665679649578736053337232815883559189375969
950366747728588039402380907760046775330023535952016452698814716119755292711556940039001518498519474368104080005849223825338784063954
475183373864294019701190453880023387665011767976008226349407358059877646355778470019500759249259737184052040002924611912669392031977
712775060796441029551785680820035081497517651964012339524111037089816469533667705029251138873889605776078060004386917869004088047966
356387530398220514775892840410017540748758825982006169762055518544908234766833852514625569436944802888039030002193458934502044023983
534581295597330772163839260615026311123138238973009254643083277817362352150250778771938354155417204332058545003290188401753066035975
801871943395996158245758890922539466684707358459513881964624916726043528225376168157907531233125806498087817504935282602629599053963
1202807915093994237368638336383809200027061037689270822946937375089065292338064252236861296849688709747131726257402923903944398580945
1804211872640991356052957504575713800040591556533906234420406062633597938507096378355291945274533064620697589386104385855916597871418
902105936320495678026478752287856900020295778266953117210203031316798969253548189177645972637266532310348794693052192927958298935709
1353158904480743517039718128431785350030443667400429675815304546975198453880322283766468958955899798465523192039578289391937448403564
676579452240371758519859064215892675015221833700214837907652273487599226940161141883234479477949899232761596019789144695968724201782
338289726120185879259929532107946337507610916850107418953826136743799613470080570941617239738974949616380798009894572347984362100891
507434589180278818889894298161919506261416375275161128430739205115699420205120856412425859608462424424571197014841858521976543151337
761151883770418228334841447242879259392124562912741692646108807673549130307681284618638789412693636636856795522262787782964814727006
380575941885209114167420723621439629696062281456370846323054403836774565153840642309319394706346818318428397761131393891482407363503
570863912827813671251131085432159444544093422184556269484581605755161847730760963463979092059520227477642596641697090837223611045255
856295869241720506876696628148239166816140133276834404226872408632742771596141445195968638089280341216463894962545636255835416567883
1284443803862580760315044942222358750224210199915251606340308612949114157394212167793952957133920511824695842443818454383753124851825
1926665705793871140472567413333538125336315299872877409510462919423671236091318251690929435700880767737043763665727681575629687277738
963332852896935570236283706666769062668157649936438704755231459711835618045659125845464717850440383868521881832863840787814843638869
1444999279345403355354425560000153594002236474904658057132847189567753427068488688768197076775660575802782822749295761181722265458304
722499639672701677677212780000076797001118237452329028566423594783876713534244344384098538387830287901391411374647880590861132729152
361249819836350838838606390000038398500559118726164514283211797391938356767122172192049269193915143950695705687323940295430566364576
180624909918175419419303195000019199250279559363082257141605898695969178383561086096024634596957571975347852843661970147715283182288
90312454959087709709651597500009599625139779681541128570802949347984589191780543048012317298478785987673926421830985073857641591144
45156227479543854854825798750004799812569889840770564285401474673992294595890271524006158649239392993836963210915492536928820795572
22578113739771927427412899375002399906284944920385282142700737336996147297945135762003079324619696496918481605457746268464410397786
11289056869885963713706449687501199953142472460192641071350368668498073648972567881001539662309848248459240802728873134232205198893
16933585304828945570559674531251799929713708690288961607025553002747110473458851821502309493464772372688861204093309701348307798340
8466792652414472785279837265625899964856854345144480803512776501373555236729425910751154746732386186344430602046654850674153899170
4233396326207236392639918632812949982428427172572240401756388250686777618364712955375577373366193093172215301023327425337076949585
6350094489310854588959877949219424973642640758858360602634582376030166427547069433063366060049289639758322951534991138005615424378
3175047244655427294479938974609712486821320379429180301317291188015083213773534716531683030024644819879161475767495569002807712189
4762570866983140941719908461914568730231980569143770451975936782022624820660302074797524545036967229818742213651243353504211568284
2381285433491570470859954230957284365115990284571885225987968391011312410330151037398762272518483614909371106825621676752105784142
1190642716745785235429977115478642182557995142285942612993984195505656205165075518699381136259241807454685553412810838376052892071
1785964075118677853144965673217963273836992713428913919490976293258484307747613278049071704388862711182028330119216257564079338107
2678946112678016779717448509826944910755489070143370879236464439887726461621419917073607556583294066773042495178824386346119007161
4018419169017025169576172764740417366133233605215056318854696659831589692432129875610411334874941100159563742768236579519178510742
2009209584508512584788086382370208683066616802607528159427348329915794846216064937805205667437470550079781871384118289759589255371
3013814376762768877182129573555313024599925203911292239141022494873692269324097406707808501156205825119672807076177434639383883057
4520721565144153315773194360332969536899887805866938358711533742310538403986146110061712751734308737679509210614266151959075824586
2260360782572076657886597180166484768449943902933469179355766871155269201993073055030856375867154368839754605307133075979537912293
3390541173858114986829895770249727152674915854400203769033650306732903802989609582546284563800731553259631907960699613969306868440
1695270586929057493414947885124863576337457927200101884516825153366451901494804791273142281900365776629815953980349806984653434220
847635293464528746707473942562431788168728963600050942258412576683225950747402395636571140950182888314907976990174903492326717110
423817646732264373353736971281215894084364481800025471129206288341612975373701197818285570475091444157453988495087451746163358555
635726470098396560030605456921823841126546722700038206693809432512419463060551796727428355712637166236180982742631177619245037833
953589705147594840045908185382735761689820084050057310040714148768629194590827695091142533568955749354271474113946766428867556750
476794852573797420022954092691367880844910042025028655020357074384314597295413847545571266784477874677135737056973383214433778375
715192278860696130034431139037051821267365063037542982530535611576471895943120771318356900176716812015703605585460074821650667563
1072788418291044195051646708555577731901047594556314473795803417364707843914681156977535350265075218023555408378190112232476001345
1609182627436566292577470062833366597851571391834471710693705126047061765872021735466303025397612827035333112567285168348714002018
804591313718283146288735031416683298925785695917235855346852563023530882936010867733151512698806413517666556283642584174357001009
1206886970577424719433102547125024948388678543875853783020278844535296324404016301599727269048209620276499834425463876261535501514
603443485288712359716551273562512474194339271937926891510139422267648162202008150799863634524104810138249917212731938130767750757
905165227933068539574826910343768711291508907906890337265209133401472243303012226199795451786157215207374875819097907196151626136
452582613966534269787413455171884355645754453953445168632604566700736121651506113099897725893078607603687437909548953598075813068
226291306983267134893706727585942177822877226976722584316302283350368060825753056549948862946539303801843718954774476799037906534
113145653491633567446853363792971088911438613488361292158151141675184030412876528274974431473269651900921859477387238399518953267
169718480237450351170280045689456633367157920232541938237226712512776045619314792412461647209904477851382789216080857599278429901
254577720356175526755420068534184950050736880348812907355840068769164068428972188618692470814856716777074183824121286398917644852
127288860178087763377710034267092475025368440174406453677920034384582034214486094309346235407428358388537091912060643199458822426
63644430089043881688855017133546237512684220087203226838960017192291017107243047154673117703714179194268545956030321599729411213
95466645133565822533282525700319356269026330130804840258440025788436525660864570732009676555571268791402818934045482399594116820
47733322566782911266641262850159678134513165065402420129220012894218262830432285366004838277785634395701409467022741199797058410
23866661283391455633320631425079839067256582532701210064610006447109131415216142683002419138892817197850704733511370599898529205
35799991925087183449980947137619758600884873799051815096915009670663697122824214024503628708339225796776057100267055899847793808
17899995962543591724990473568809879300442436899525907548457504835331848561412107012251814354169612898388028550133527949923896904
8949997981271795862495236784404939650221218449762953774228752417665924280706053506125907177084806449194014275066763974961948452
4474998990635897931247618392202469825110609224881476887114376208832962140353026753062953588542403224597007137533381987480974226
2237499495317948965623809196101234912555304612440738443557188104416481070176513376531476794271201612298503568766690993740487113
3356249242976923448435713794151852368832956918661107665335782156624721605264770064797215191406802418447755353150036490610730670
1678124621488461724217856897075926184416478459330553832667891078312360802632385032398607595703401209223877676575018245305365335
2517186932232692586326785345613889276624717688995830749001836617468541203948577548597911393555101813835816514862527367958048003
3775780398349038879490178018420833914937076533493746123502754926202811805922866322896867090332652720753724772293791051937072005
5663670597523558319235267027631250872405614800240619185254132389304217708884299484345300635498979081130587158440686577905608008
2831835298761779159617633513815625436202807400120309592627066194652108854442149742172650317749489540565293579220343288952804004
1415917649380889579808816756907812718101403700060154796313533097326054427221074871086325158874744770282646789610171644476402002
707958824690444789904408378453906359050701850030077398156766548663027213610537435543162579437372385141323394805085822238201001
1061938237035667184856612567680859538576052775045116097235149822994540820415806153314743869156058577711985092207628733357301502
530969118517833592428306283840429769288026387522558048617574911497270410207903076657371934578029288855992546103814366678650751
796453677776750388642459425760644653932039581283837072926362367245905615311854614986057901867043933283988819155721550017976127
1194680516665125582963689138640966980898059371925755609389543550868858422967781922479086852800565899925983228733582325026964191
1792020774997688374445533707961450471347089057888633414084315326303287634451672883718630279200848849888974843100373487540446287
2688031162496532561668300561942175707020633586832950121126472989454931451677509325577945418801273274833462264650560231310669431
4032046743744798842502450842913263560530950380249425181689709484182397177516263988366918128201909912250193396975840346966004147
6048070115617198263753676264369895340796425570374137772534564226273595766274395982550377192302864868375290095463760520449006221
9072105173425797395630514396554843011194638355561206658801846339410393649411593973825565788454297302562935143195640780673509332
4536052586712898697815257198277421505597319177780603329400923169705196824705796986912782894227148651281467571597820390336754666
2268026293356449348907628599138710752798659588890301664700461584852598412352898493456391447113574325640733785798910195168377333
3402039440034674023361442898708066129197989383335452497050692377278897618529347740184587170670361488461100678698365292752566000
1701019720017337011680721449354033064598994691667726248525346188639448809264673870092293585335180744230550339349182646376283000
850509860008668505840360724677016532299497345833863124262673094319724404632336935046146792667590372115275169674591323188141500
425254930004334252920180362338508266149748672916931562131336547159862202316168467523073396333795186057637584837295661594070750
212627465002167126460090181169254133074874336458465781065668273579931101158084233761536698166897593028818792418647830797035375
318941197503250689690135271753881199612311504687698671598502410369896651737126350642305047250346389543228188627971746195553063
478411796254876034535202907630821799418467257031548007397753615554844977605689525963457570875519584314842282941957619293329595
717617694382314051802804361446232699127700885547322011096630423332267466408534288945186356313279376472263424412936428939994393
1076426541573471077704206542169349048691551328320983016644945634998401199612801433417779534469919064708395136619404643409991590
538213270786735538852103271084674524345775664160491508322472817499200599806400716708889767234959532354197568309702321704995795
807319906180103308278154906627011786518663496240737262483709226248800899709601075063334650852439298531296352464553482557493693
1210979859270154962417232359940517679777995244361105893725563839373201349564401612595001976278658947796944528696830223836240540
605489929635077481208616179970258839888997622180552946862781919686600674782200806297500988139329473898472264348415111918120270
302744964817538740604308089985129419944498811090276473431390959843300337391100403148750494069664736949236132174207555959060135
454117447226308110906462134977694129916748216635414710147086439764950506086650604723125741104497105423854198261311333938590203
681176170839462166359693202466541194875122324953122065220629659647425759129975907084688611656745658135781297391967000907885305
1021764256259193249539539803699811792312683487429683097830944489471138638694963860627032917485118487203671946087950501361827958
510882128129596624769769901849905896156341743714841548915472244735569319347481930313516458742559243601835973043975250680913979
766323192194394937154654852774858844234512615572262323373208367103353979021222895470274688113838865402753959565962876021370969
1149484788291592405731982279162288266351768923358393485059812550655030968531834343205412032170758298104130939348944314032056454
574742394145796202865991139581144133175884461679196742529906275327515484265917171602706016085379149052065469674472157016028227
862113591218694304298986709371716199763826692518795113794859412991273226398875757404059024128068723578098204511708235524042341
1293170386828041456448480064057574299645740038778192670692289119486909839598313636106088536192103085367147306767562353286063512
646585193414020728224240032028787149822870019389096335346144559743454919799156818053044268096051542683573653383781176643031756
323292596707010364112120016014393574911435009694548167673072279871727459899578409026522134048025771341786826691890588321515878
161646298353505182056060008007196787455717504847274083836536139935863729949789204513261067024012885670893413345945294160757939
242469447530257773084090012010795181183576257270911125754804209903795594924683806769891600536019328506340120018917941241136909
363704171295386659626135018016192771775364385906366688632206314855693392387025710154837400804028992759510180028376911861705364
181852085647693329813067509008096385887682192953183344316103157427846696193512855077418700402014496379755090014188455930852682
90926042823846664906533754504048192943841096476591672158051578713923348096756427538709350201007248189877545007094227965426341
136389064235769997359800631756072289415761644714887508237077368070885022145134641308064025301510872284816317510641341948139512
68194532117884998679900315878036144707880822357443754118538684035442511072567320654032012650755436142408158755320670974069756
34097266058942499339950157939018072353940411178721877059269342017721255536283660327016006325377718071204079377660335487034878
17048633029471249669975078969509036176970205589360938529634671008860627768141830163508003162688859035602039688830167743517439
25572949544206874504962618454263554265455308384041407794452006513290941652212745245262004744033288553403059533245251615276159
38359424316310311757443927681395331398182962576062111691678009769936412478319117867893007116049932830104589299867877422914239
57539136474465467636165891522092997097274443864093167537517014654904618717478676801839510674074899245156883949801816134371359
86308704711698201454248837283139495645911665796139751306275521982356928076218015202759266011112348867735325924702724201557039
129463057067547302181373255924709243468867498694209626959413282973535392114327022804138899016668523301602988887054086302335559
194194585601320953272059883887063865203301248041314440439119924460303088171490534206208348525002784952404483330581129453503339
291291878401981429908089825830595797804951872061971660658679886690454632257235801309312522787504177428606724995871694180255009
436937817602972144862134738745893696707427808092957490988019830035681948385853701963968784181256266142910087493807541270382514
218468908801486072431067369372946848353713904046478745494009915017840974192926850981984392090628133071455043746903770635191257
327703363202229108646601054059420272530570856069718118241014872526761461289390276472976588135942199607182565620355655952786886
163851681601114554323300527029710136265285428034859059120507436263380730644695138236488294067971099803591282810177827976393443
245777522401671831484950790544565204397928142052288588680761154395071095967042707354732441101956649705386924215266741964590165
368666283602507747227426185816847806596892213078432883021141731592606643950564061032098661652934974558080386322900112946885248
184333141801253873613713092908423903298446106539216441510570865796303321975282030516049330826467487279040193161450056473442624
92166570900626936806856546454211951649223053269608220755285432898151660987641015258024665413233743639520096580725028236721312
46083285450313468403428273227105975824611526634804110377642716449075830493820507629012332706616871819760048290362514118360656
23041642725156734201714136613552987912305763317402055188821358224537915246910253814506166353308435909880024145181257059180328
11520821362578367100857068306776493956152881658701027594410679112268957623455126907253083176654217954940012072590628529590164
5760410681289183550428534153388246978076440829350513797205339556134478811727563453626541588327108977470006036295314264795082
2880205340644591775214267076694123489038220414675256898602669778067239405863781726813270794163554488735003018147657132397541
4320308010966887662821400615041185233557330622012885347904004667100859108795672590219906191245331733102504527221485698596312
2160154005483443831410700307520592616778665311006442673952002333550429554397836295109953095622665866551252263610742849298156
1080077002741721915705350153760296308389332655503221336976001166775214777198918147554976547811332933275626131805371424649078
540038501370860957852675076880148154194666327751610668488000583387607388599459073777488273905666466637813065902685712324539
810057752056291436779012615320222231291999491627416002732000875081411082899188610666232410858499699956719598854028568486809
1215086628084437155168518922980333346937999237441124004098001312622116624348782915999348616287749549935079398281042852730214
607543314042218577584259461490166673468999618720562002049000656311058312174391457999674308143874774967539699140521426365107
911314971063327866376389192235250010203499428080843003073500984466587468261587186999511462215812162451309548710782139547661
1366972456594991799564583788352875015305249142121264504610251476699881202392380780499267193323718243676964323066173209321492
683486228297495899782291894176437507652624571060632252305125738349940601196190390249633596661859121838482161533086604660746
341743114148747949891145947088218753826312285530316126152562869174970300598095195124816798330929560919241080766543302330373
512614671223121924836718920632328130739468428295474189228844303762455450897142792687225197496394341378861621149814953495560
256307335611560962418359460316164065369734214147737094614422151881227725448571396343612598748197170689430810574907476747780
128153667805780481209179730158082032684867107073868547307211075940613862724285698171806299374098585344715405287453738373890
64076833902890240604589865079041016342433553536934273653605537970306931362142849085903149687049292672357702643726869186945
96115250854335360906884797618561524513650330305401410480408306955460397043214273628854724530573939008536553965590303780418
48057625427167680453442398809280762256825165152700705240204153477730198521607136814427362265286969504268276982795151890209
72086438140751520680163598213921143385237747729051057860306230216595297782410705221641043397930454256402415474192727835314
36043219070375760340081799106960571692618873864525528930153115108297648891205352610820521698965227128201207737096363917657
54064828605563640510122698660440857538928310796788293395229672662446473336808028916230782548447840692301811605644545876486
27032414302781820255061349330220428769464155398394146697614836331223236668404014458115391274223920346150905802822272938243
40548621454172730382592023995330643154196233097591220046422254496834855002606021687173086911335880519226358704233409407365
60822932181259095573888035992995964731294349646386830069633381745252282503909032530759630367003820778839538056350114111048
30411466090629547786944017996497982365647174823193415034816690872626141251954516265379815183501910389419769028175057055524
15205733045314773893472008998248991182823587411596707517408345436313070625977258132689907591750955194709884514087528527762
7602866522657386946736004499124495591411793705798353758704172718156535312988629066344953795875477597354942257043764263881
11404299783986080420104006748686743387117690558697530638056259077234802969482943599517430693813216396032413385565646395822
5702149891993040210052003374343371693558845279348765319028129538617401484741471799758715346906608198016206692782823197911
8553224837989560315078005061515057540338267919023147978542194307926102227112207699638073020359912297024310039174234796867
12829837256984340472617007592272586310507401878534721967813291461889153340668311549457109530539868445536465058761352195301
19244755885476510708925511388408879465761102817802082951719937192833730011002467324185664295809802668304697588142028292952
9622377942738255354462755694204439732880551408901041475859968596416865005501233662092832147904901334152348794071014146476
4811188971369127677231377847102219866440275704450520737929984298208432502750616831046416073952450667076174397035507073238
2405594485684563838615688923551109933220137852225260368964992149104216251375308415523208036976225333538087198517753536619
3608391728526845757923533385326664899830206778337890553447488223656324377062962623284812055464338000307130797776630304929
5412587592790268636885300077989997349745310167506835830171232335484486565594443934927218083196507000460696196664945457394
2706293796395134318442650038994998674872655083753417915085616167742243282797221967463609041598253500230348098332472728697
4059440694592701477663975058492498012308982625630126872628424251613364924195832951195413562397380250345522147498709093046
2029720347296350738831987529246249006154491312815063436314212125806682462097916475597706781198690125172761073749354546523
3044580520944526108247981293869373509231736969222595154471318188710023693146874713396560171798035187759141610624031819785
4566870781416789162371971940804060263847605453833892731706977283065035539720312070094840257697052781638712415936047729678
2283435390708394581185985970402030131923802726916946365853488641532517769860156035047420128848526390819356207968023864839
3425153086062591871778978955603045197885704090375419548780232962298776654790234052571130193272789586229034311952035797259
5137729629093887807668468433404567796828556135563129323170349443448164982185351078856695289909184379343551467928053695889
7706594443640831711502702650106851695242834203344693984755524165172247473278026618285042934863776569015327201892080543834
3853297221820415855751351325053425847621417101672346992377762082586123736639013309142521467431888284507663600946040271917
5779945832730623783627026987580138771432125652508520488566643123879185604958519963713782201147832426761495401419060407876
2889972916365311891813513493790069385716062826254260244283321561939592802479259981856891100573916213380747700709530203938
1444986458182655945906756746895034692858031413127130122141660780969796401239629990928445550286958106690373850354765101969
2167479687273983918860135120342552039287047119690695183212491171454694601859444986392668325430437160035560775532147652954
1083739843636991959430067560171276019643523559845347591606245585727347300929722493196334162715218580017780387766073826477
1625609765455487939145101340256914029465285339768021387409368378591020951394583739794501244072827870026670581649110739716
812804882727743969572550670128457014732642669884010693704684189295510475697291869897250622036413935013335290824555369858
406402441363871984786275335064228507366321334942005346852342094647755237848645934948625311018206967506667645412277684929
609603662045807977179413002596342761049482002413008020278513141971632856772968902422937966527310451260001468118416527394
304801831022903988589706501298171380524741001206504010139256570985816428386484451211468983263655225630000734059208263697
457202746534355982884559751947257070787111501809756015208884856478724642579726676817203474895482838445001101088812395546
228601373267177991442279875973628535393555750904878007604442428239362321289863338408601737447741419222500550544406197773
342902059900766987163419813960442803090333626357317011406663642359043481934795007612902606171612128833750825816609296660
171451029950383493581709906980221401545166813178658505703331821179521740967397503806451303085806064416875412908304648330
85725514975191746790854953490110700772583406589329252851665910589760870483698751903225651542903032208437706454152324165
128588272462787620186282430235166051158875109883993879277498865884641305725548127854838477314354548312656559681228486248
64294136231393810093141215117583025579437554941996939638749432942320652862774063927419238657177274156328279840614243124
32147068115696905046570607558791512789718777470998469819374716471160326431387031963709619328588637078164139920307121562
16073534057848452523285303779395756394859388735499234909687358235580163215693515981854809664294318539082069960153560781
24110301086772678784927955669093634592289083103248852364531037353370244823540273972782214496441477808623104940230341172
12055150543386339392463977834546817296144541551624426182265518676685122411770136986391107248220738904311552470115170586
6027575271693169696231988917273408648072270775812213091132759338342561205885068493195553624110369452155776235057585293
9041362907539754544347983375910112972108406163718319636699139007513841808827602739793330436165554178233664352586377940
4520681453769877272173991687955056486054203081859159818349569503756920904413801369896665218082777089116832176293188970
2260340726884938636086995843977528243027101540929579909174784751878460452206900684948332609041388544558416088146594485
3390511090327407954130493765966292364540652311394369863762177127817690678310351027422498913562082816837624132219891728
1695255545163703977065246882983146182270326155697184931881088563908845339155175513711249456781041408418812066109945864
847627772581851988532623441491573091135163077848592465940544281954422669577587756855624728390520704209406033054972932
423813886290925994266311720745786545567581538924296232970272140977211334788793878427812364195260352104703016527486466
211906943145462997133155860372893272783790769462148116485136070488605667394396939213906182097630176052351508263743233
317860414718194495699733790559339909175686154193222174727704105732908501091595408820859273146445264078527262395614850
158930207359097247849866895279669954587843077096611087363852052866454250545797704410429636573222632039263631197807425
238395311038645871774800342919504931881764615644916631045778079299681375818696556615644454859833948058895446796711138
119197655519322935887400171459752465940882307822458315522889039649840687909348278307822227429916974029447723398355569
178796483278984403831100257189628698911323461733687473284333559474761031864022417461733341144875461044171585097533354
89398241639492201915550128594814349455661730866843736642166779737380515932011208730866670572437730522085792548766677
134097362459238302873325192892221524183492596300265604963250169606070773898016813096300005858656595783128688823150016
67048681229619151436662596446110762091746298150132802481625084803035386949008406548150002929328297891564344411575008
33524340614809575718331298223055381045873149075066401240812542401517693474504203274075001464664148945782172205787504
16762170307404787859165649111527690522936574537533200620406271200758846737252101637037500732332074472891086102893752
8381085153702393929582824555763845261468287268766600310203135600379423368626050818518750366166037236445543051446876
4190542576851196964791412277881922630734143634383300155101567800189711684313025409259375183083018618222771525723438
2095271288425598482395706138940961315367071817191650077550783900094855842156512704629687591541509309111385762861719
3142906932638397723593559208411441973050607725787475116326175850142283763234769056944531387312263963667078644292579
4714360398957596585390338812617162959575911588681212674489263775213425644852153585416797080968395945500617966438869
7071540598436394878085508218925744439363867383021819011733895662820138467278230378125195621452593918250926949658304
3535770299218197439042754109462872219681933691510909505866947831410069233639115189062597810726296959125463474829152
1767885149609098719521377054731436109840966845755454752933473915705034616819557594531298905363148479562731737414576
883942574804549359760688527365718054920483422877727376466736957852517308409778797265649452681574239781365868707288
441971287402274679880344263682859027460241711438863688233368478926258654204889398632824726340787119890682934353644
220985643701137339940172131841429513730120855719431844116684239463129327102444699316412363170393559945341467176822
110492821850568669970086065920714756865060427859715922058342119731564663551222349658206181585196779972670733588411
165739232775853004955129098881072135297590641789573883087513179597346995326833524487309272377795169959006100382617
248608849163779507432693648321608202946385962684360824631269769396020492990250286730963908566692754938509150573926
124304424581889753716346824160804101473192981342180412315634884698010246495125143365481954283346377469254575286963
186456636872834630574520236241206152209789472013270618473452327047015369742687715048222931425019566203881862930445
279684955309251945861780354361809228314684208019905927710178490570523054614031572572334397137529349305822794395668
139842477654625972930890177180904614157342104009952963855089245285261527307015786286167198568764674652911397197834
69921238827312986465445088590452307078671052004976481927544622642630763653507893143083599284382337326455698598917
104881858240969479698167632885678460618006578007464722891316933963946145480261839714625398926573505989683547898376
52440929120484739849083816442839230309003289003732361445658466981973072740130919857312699463286752994841773949188
26220464560242369924541908221419615154501644501866180722829233490986536370065459928656349731643376497420886974594
13110232280121184962270954110709807577250822250933090361414616745493268185032729964328174865821688248710443487297
19665348420181777443406431166064711365876233376399635542121925118239902277549094946492262298732532373065665230946
9832674210090888721703215583032355682938116688199817771060962559119951138774547473246131149366266186532832615473
14749011315136333082554823374548533524407175032299726656591443838679926708161821209869196724049399279799248923210
7374505657568166541277411687274266762203587516149863328295721919339963354080910604934598362024699639899624461605
11061758486352249811916117530911400143305381274224794992443582879009945031121365907401897543037049459849436692408
5530879243176124905958058765455700071652690637112397496221791439504972515560682953700948771518524729924718346204
2765439621588062452979029382727850035826345318556198748110895719752486257780341476850474385759262364962359173102
1382719810794031226489514691363925017913172659278099374055447859876243128890170738425237192879631182481179586551
2074079716191046839734272037045887526869758988917149061083171789814364693335256107637855789319446773721769379827
3111119574286570259601408055568831290304638483375723591624757684721547040002884161456783683979170160582654069741
4666679361429855389402112083353246935456957725063585387437136527082320560004326242185175525968755240873981104612
2333339680714927694701056041676623467728478862531792693718568263541160280002163121092587762984377620436990552306
1166669840357463847350528020838311733864239431265896346859284131770580140001081560546293881492188810218495276153
1750004760536195771025792031257467600796359146898844520288926197655870210001622340819440822238283215327742914230
875002380268097885512896015628733800398179573449422260144463098827935105000811170409720411119141607663871457115
1312503570402146828269344023443100700597269360174133390216694648241902657501216755614580616678712411495807185673
1968755355603220242404016035164651050895904040261200085325041972362853986251825133421870925018068617243710778510
984377677801610121202008017582325525447952020130600042662520986181426993125912566710935462509034308621855389255
1476566516702415181803012026373488288171928030195900063993781479272140489688868850066403193763551462932783083883
2214849775053622772704518039560232432257892045293850095990672218908210734533303275099604790645327194399174625825
3322274662580434159056777059340348648386838067940775143986008328362316101799954912649407185967990791598761938738
1661137331290217079528388529670174324193419033970387571993004164181158050899977456324703592983995395799380969369
2491705996935325619292582794505261486290128550955581357989506246271737076349966184487055389475993093699071454054
1245852998467662809646291397252630743145064275477790678994753123135868538174983092243527694737996546849535727027
1868779497701494214469437095878946114717596413216686018492129684703802807262474638365291542106994820274303590541
2803169246552241321704155643818419172076394619825029027738194527055704210893711957547937313160492230411455385812
1401584623276120660852077821909209586038197309912514513869097263527852105446855978773968656580246115205727692906
700792311638060330426038910954604793019098654956257256934548631763926052723427989386984328290123057602863846453
1051188467457090495639058366431907189528647982434385885401822947645889079085141984080476492435184586404295769680
525594233728545247819529183215953594764323991217192942700911473822944539542570992040238246217592293202147884840
262797116864272623909764591607976797382161995608596471350455736911472269771285496020119123108796146601073942420
131398558432136311954882295803988398691080997804298235675227868455736134885642748010059561554398073300536971210
65699279216068155977441147901994199345540498902149117837613934227868067442821374005029780777199036650268485605
98548918824102233966161721852991299018310748353223676756420901341802101164232061007544671165798554975402728408
49274459412051116983080860926495649509155374176611838378210450670901050582116030503772335582899277487701364204
24637229706025558491540430463247824754577687088305919189105225335450525291058015251886167791449638743850682102
12318614853012779245770215231623912377288843544152959594552612667725262645529007625943083895724819371925341051
18477922279519168868655322847435868565933265316229439391828919001587893968293511438914625843587229057888011577
27716883419278753302982984271153802848899897974344159087743378502381840952440267158371938765380843586832017366
13858441709639376651491492135576901424449948987172079543871689251190920476220133579185969382690421793416008683
20787662564459064977237238203365352136674923480758119315807533876786380714330200368778954074035632690124013025
31181493846688597465855857305048028205012385221137178973711300815179571071495300553168431111053449035186019538
15590746923344298732927928652524014102506192610568589486855650407589785535747650276584215555526724517593009769
23386120385016448099391892978786021153759288915852884230283475611384678303621475414876323333290086776389514654
11693060192508224049695946489393010576879644457926442115141737805692339151810737707438161666645043388194757327
17539590288762336074543919734089515865319466686889663172712606708538508727716106561157242499967565082292135991
26309385433143504111815879601134273797979200030334494759068910062807763091574159841735863749951347623438203987
39464078149715256167723819401701410696968800045501742138603365094211644637361239762603795624927021435157305981
59196117224572884251585729102552116045453200068252613207905047641317466956041859643905693437390532152735958972
29598058612286442125792864551276058022726600034126306603952523820658733478020929821952846718695266076367979486
14799029306143221062896432275638029011363300017063153301976261910329366739010464910976423359347633038183989743
22198543959214831594344648413457043517044950025594729952964392865494050108515697366464635039021449557275984615
33297815938822247391516972620185565275567425038392094929446589298241075162773546049696952558532174335913976923
49946723908233371087275458930278347913351137557588142394169883947361612744160319074545428837798261503870965385
74920085862350056630913188395417521870026706336382213591254825921042419116240478611818143256697392255806448078
37460042931175028315456594197708760935013353168191106795627412960521209558120239305909071628348696127903224039
56190064396762542473184891296563141402520029752286660193441119440781814337180358958863607442523044191854836059
84285096595143813709777336944844712103780044628429990290161679161172721505770538438295411163784566287782254089
126427644892715720564666005417267068155670066942644985435242518741759082258655807657443116745676849431673381134
63213822446357860282333002708633534077835033471322492717621259370879541129327903828721558372838424715836690567
94820733669536790423499504062950301116752550206983739076431889056319311693991855743082337559257637073755035851
142231100504305185635249256094425451675128825310475608614647833584478967540987783614623506338886455610632553777
213346650756457778452873884141638177512693237965713412921971750376718451311481675421935259508329683415948830666
106673325378228889226436942070819088756346618982856706460985875188359225655740837710967629754164841707974415333
160009988067343333839655413106228633134519928474285059691478812782538838483611256566451444631247262561961623000
80004994033671666919827706553114316567259964237142529845739406391269419241805628283225722315623631280980811500
40002497016835833459913853276557158283629982118571264922869703195634709620902814141612861157811815640490405750
20001248508417916729956926638278579141814991059285632461434851597817354810451407070806430578905907820245202875
30001872762626875094935389957417868712722486588928448692152277396726032215677110606209645868358861730367804313
45002809143940312642403084936126803069083729883392673038228416095089048323515665909314468802538292595551706470
22501404571970156321201542468063401534541864941696336519114208047544524161757832954657234401269146297775853235
33752106857955234481802313702095102301812797412544504778671312071316786242636749431985851601903719446663779853
50628160286932851722703470553142653452719196118816757168006968106975179363955124147978777402855579169995669780
25314080143466425861351735276571326726359598059408378584003484053487589681977562073989388701427789584997834890
12657040071733212930675867638285663363179799029704189292001742026743794840988781036994694350713894792498917445
18985560107599819396013801457428495044769698544556283938002613040115692261483171555492041526070842188748376168
9492780053799909698006900728714247522384849272278141969001306520057846130741585777746020763035421094374188084
4746390026899954849003450364357123761192424636139070984500653260028923065370792888873010381517710547187094042
2373195013449977424501725182178561880596212318069535492250326630014461532685396444436505190758855273593547021
3559792520174966136752587773267842820894318477104303238375489945021692299028094666654757786138282910390320532
1779896260087483068376293886633921410447159238552151619187744972510846149514047333327378893069141455195160266
889948130043741534188146943316960705223579619276075809593872486255423074757023666663689446534570727597580133
1334922195065612301282220414975441057835369428914113714390808729383134612135535499995534169801856091396370200
667461097532806150641110207487720528917684714457056857195404364691567306067767749997767084900928045698185100
333730548766403075320555103743860264458842357228528428597702182345783653033883874998883542450464022849092550
166865274383201537660277551871930132229421178614264214298851091172891826516941937499441771225232011424546275
250297911574802306490416327807895198344131767921396321448276636759337739775412906249162656837848017136819413
375446867362203459735624491711842797516197651882094482172414955139006609663119359373743985256772025705229120
187723433681101729867812245855921398758098825941047241086207477569503304831559679686871992628386012852614560
93861716840550864933906122927960699379049412970523620543103738784751652415779839843435996314193006426307280
46930858420275432466953061463980349689524706485261810271551869392375826207889919921717998157096503213153640
23465429210137716233476530731990174844762353242630905135775934696187913103944959960858999078548251606576820
11732714605068858116738265365995087422381176621315452567887967348093956551972479980429499539274125803288410
5866357302534429058369132682997543711190588310657726283943983674046978275986239990214749769637062901644205
8799535953801643587553699024496315566785882465986589425915975511070467413979359985322124654455594352466308
4399767976900821793776849512248157783392941232993294712957987755535233706989679992661062327227797176233154
2199883988450410896888424756124078891696470616496647356478993877767616853494839996330531163613898588116577
3299825982675616345332637134186118337544705924744971034718490816651425280242259994495796745420847882174866
1649912991337808172666318567093059168772352962372485517359245408325712640121129997247898372710423941087433
2474869487006712258999477850639588753158529443558728276038868112488568960181694995871847559065635911631150
1237434743503356129499738925319794376579264721779364138019434056244284480090847497935923779532817955815575
1856152115255034194249608387979691564868897082669046207029151084366426720136271246903885669299226933723363
2784228172882551291374412581969537347303345624003569310543726626549640080204406870355828503948840400585045
4176342259323826937061618872954306020955018436005353965815589939824460120306610305533742755923260600877568
2088171129661913468530809436477153010477509218002676982907794969912230060153305152766871377961630300438784
1044085564830956734265404718238576505238754609001338491453897484956115030076652576383435688980815150219392
522042782415478367132702359119288252619377304500669245726948742478057515038326288191717844490407575109696
261021391207739183566351179559644126309688652250334622863474371239028757519163144095858922245203787554848
130510695603869591783175589779822063154844326125167311431737185619514378759581572047929461122601893777424
65255347801934795891587794889911031577422163062583655715868592809757189379790786023964730561300946888712
32627673900967397945793897444955515788711081531291827857934296404878594689895393011982365280650473444356
16313836950483698972896948722477757894355540765645913928967148202439297344947696505991182640325236722178
8156918475241849486448474361238878947177770382822956964483574101219648672473848252995591320162618361089
12235377712862774229672711541858318420766655574234435446725361151829473008710772379493386980243927541634
6117688856431387114836355770929159210383327787117217723362680575914736504355386189746693490121963770817
9176533284647080672254533656393738815574991680675826585044020863872104756533079284620040235182945656226
4588266642323540336127266828196869407787495840337913292522010431936052378266539642310020117591472828113
6882399963485310504190900242295304111681243760506869938783015647904078567399809463465030176387209242170
3441199981742655252095450121147652055840621880253434969391507823952039283699904731732515088193604621085
5161799972613982878143175181721478083760932820380152454087261735928058925549857097598772632290406931628
2580899986306991439071587590860739041880466410190076227043630867964029462774928548799386316145203465814
1290449993153495719535793795430369520940233205095038113521815433982014731387464274399693158072601732907
1935674989730243579303690693145554281410349807642557170282723150973022097081196411599539737108902599361
2903512484595365368955536039718331422115524711463835755424084726459533145621794617399309605663353899042
1451756242297682684477768019859165711057762355731917877712042363229766572810897308699654802831676949521
2177634363446524026716652029788748566586643533597876816568063544844649859216345963049482204247515424282
1088817181723262013358326014894374283293321766798938408284031772422324929608172981524741102123757712141
1633225772584893020037489022341561424939982650198407612426047658633487394412259472287111653185636568212
816612886292446510018744511170780712469991325099203806213023829316743697206129736143555826592818284106
408306443146223255009372255585390356234995662549601903106511914658371848603064868071777913296409142053
612459664719334882514058383378085534352493493824402854659767871987557772904597302107666869944613713080
306229832359667441257029191689042767176246746912201427329883935993778886452298651053833434972306856540
153114916179833720628514595844521383588123373456100713664941967996889443226149325526916717486153428270
76557458089916860314257297922260691794061686728050356832470983998444721613074662763458358743076714135
114836187134875290471385946883391037691092530092075535248706475997667082419611994145187538114615071203
172254280702312935707078920325086556536638795138113302873059713996500623629417991217781307171922606805
258381421053469403560618380487629834804958192707169954309589570994750935444126986826671960757883910208
129190710526734701780309190243814917402479096353584977154794785497375467722063493413335980378941955104
64595355263367350890154595121907458701239548176792488577397392748687733861031746706667990189470977552
32297677631683675445077297560953729350619774088396244288698696374343866930515873353333995094735488776
16148838815841837722538648780476864675309887044198122144349348187171933465257936676666997547367744388
8074419407920918861269324390238432337654943522099061072174674093585966732628968338333498773683872194
4037209703960459430634662195119216168827471761049530536087337046792983366314484169166749386841936097
6055814555940689145951993292678824253241207641574295804131005570189475049471726253750124080262904146
3027907277970344572975996646339412126620603820787147902065502785094737524735863126875062040131452073
4541860916955516859463994969509118189930905731180721853098254177642106287103794690312593060197178110
2270930458477758429731997484754559094965452865590360926549127088821053143551897345156296530098589055
3406395687716637644597996227131838642448179298385541389823690633231579715327846017734444795147883583
5109593531574956466896994340697757963672268947578312084735535949847369572991769026601667192721825375
7664390297362434700345491511046636945508403421367468127103303924771054359487653539902500789082738063
11496585446043652050518237266569955418262605132051202190654955887156581539231480309853751183624107095
17244878169065478075777355899854933127393907698076803285982433830734872308847220464780626775436160643
25867317253598217113666033849782399691090861547115204928973650746102308463270830697170940163154240965
38800975880397325670499050774673599536636292320672807393460476119153462694906246045756410244731361448
19400487940198662835249525387336799768318146160336403696730238059576731347453123022878205122365680724
9700243970099331417624762693668399884159073080168201848365119029788365673726561511439102561182840362
4850121985049665708812381346834199942079536540084100924182559514894182836863280755719551280591420181
7275182977574498563218572020251299913119304810126151386273839272341274255294921133579326920887130272
3637591488787249281609286010125649956559652405063075693136919636170637127647460566789663460443565136
1818795744393624640804643005062824978279826202531537846568459818085318563823730283394831730221782568
909397872196812320402321502531412489139913101265768923284229909042659281911865141697415865110891284
454698936098406160201160751265706244569956550632884461642114954521329640955932570848707932555445642
227349468049203080100580375632853122284978275316442230821057477260664820477966285424353966277722821
341024202073804620150870563449279683427467412974663346231586215890997230716949428136530949416584232
170512101036902310075435281724639841713733706487331673115793107945498615358474714068265474708292116
85256050518451155037717640862319920856866853243665836557896553972749307679237357034132737354146058
42628025259225577518858820431159960428433426621832918278948276986374653839618678517066368677073029
63942037888838366278288230646739940642650139932749377418422415479561980759428017775599553015609544
31971018944419183139144115323369970321325069966374688709211207739780990379714008887799776507804772
15985509472209591569572057661684985160662534983187344354605603869890495189857004443899888253902386
7992754736104795784786028830842492580331267491593672177302801934945247594928502221949944126951193
11989132104157193677179043246263738870496901237390508265954202902417871392392753332924916190426790
5994566052078596838589521623131869435248450618695254132977101451208935696196376666462458095213395
8991849078117895257884282434697804152872675928042881199465652176813403544294564999693687142820093
13487773617176842886826423652046706229309013892064321799198478265220105316441847499540530714230140
6743886808588421443413211826023353114654506946032160899599239132610052658220923749770265357115070
3371943404294210721706605913011676557327253473016080449799619566305026329110461874885132678557535
5057915106441316082559908869517514835990880209524120674699429349457539493665692812327699017836303
7586872659661974123839863304276272253986320314286181012049144024186309240498539218491548526754455
11380308989492961185759794956414408380979480471429271518073716036279463860747808827737322790131683
17070463484239441778639692434621612571469220707143907277110574054419195791121713241605984185197525
25605695226359162667959538651932418857203831060715860915665861081628793686682569862408976277796288
12802847613179581333979769325966209428601915530357930457832930540814396843341284931204488138898144
6401423806589790666989884662983104714300957765178965228916465270407198421670642465602244069449072
3200711903294895333494942331491552357150478882589482614458232635203599210835321232801122034724536
1600355951647447666747471165745776178575239441294741307229116317601799605417660616400561017362268
800177975823723833373735582872888089287619720647370653614558158800899802708830308200280508681134
400088987911861916686867791436444044643809860323685326807279079400449901354415154100140254340567
600133481867792875030301687154666066965714790485527990210918619100674852031622731150210381510851
900200222801689312545452530731999100448572185728291985316377928651012278047434096725315572266277
1350300334202533968818178796097998650672858278592437977974566892976518417071151145087973358399416
675150167101266984409089398048999325336429139296218988987283446488259208535575572543986679199708
337575083550633492204544699024499662668214569648109494493641723244129604267787786271993339599854
168787541775316746102272349512249831334107284824054747246820861622064802133893893135996669799927
253181312662975119153408524268374747001160927236082120870231292433097203200840839703995004699891
379771968994462678730112786402562120501741390854123181305346938649645804801261259555992507049837
569657953491694018095169179603843180752612086281184771958020407974468707201891889333988760574756
284828976745847009047584589801921590376306043140592385979010203987234353600945944666994380287378
142414488372923504523792294900960795188153021570296192989505101993617176800472972333497190143689
213621732559385256785688442351441192782229532355444289484257652990425765200709458500245785215534
106810866279692628392844221175720596391114766177722144742128826495212882600354729250122892607767
160216299419538942589266331763580894586672149266583217113193239742819323900532093875184338911651
240324449129308413883899497645371341880008223899874825669789859614228985850798140812776508367477
360486673693962620825849246468057012820012335849812238504684789421343478776197211219164762551216
180243336846981310412924623234028506410006167924906119252342394710671739388098605609582381275608
90121668423490655206462311617014253205003083962453059626171197355335869694049302804791190637804
45060834211745327603231155808507126602501541981226529813085598677667934847024651402395595318902
22530417105872663801615577904253563301250770990613264906542799338833967423512325701197797659451
33795625658808995702423366856380344951876156485919897359814199008250951135268488551796696489177
50693438488213493553635050284570517427814234728879846039721298512376426702902732827695044733766
25346719244106746776817525142285258713907117364439923019860649256188213351451366413847522366883
38020078866160120165226287713427888070860676046659884529790973884282320027177049620771283550325
57030118299240180247839431570141832106291014069989826794686460826423480040765574431156925325488
28515059149620090123919715785070916053145507034994913397343230413211740020382787215578462662744
14257529574810045061959857892535458026572753517497456698671615206605870010191393607789231331372
7128764787405022530979928946267729013286376758748728349335807603302935005095696803894615665686
3564382393702511265489964473133864506643188379374364174667903801651467502547848401947307832843
5346573590553766898234946709700796759964782569061546262001855702477201253821772602920961749265
8019860385830650347352420064551195139947173853592319393002783553715801880732658904381442623898
4009930192915325173676210032275597569973586926796159696501391776857900940366329452190721311949
6014895289372987760514315048413396354960380390194239544752087665286851410549494178286081967924
3007447644686493880257157524206698177480190195097119772376043832643425705274747089143040983962
1503723822343246940128578762103349088740095097548559886188021916321712852637373544571520491981
2255585733514870410192868143155023633110142646322839829282032874482569278956060316857280737972
1127792866757435205096434071577511816555071323161419914641016437241284639478030158428640368986
563896433378717602548217035788755908277535661580709957320508218620642319739015079214320184493
845844650068076403822325553683133862416303492371064935980762327930963479608522618821480276740
422922325034038201911162776841566931208151746185532467990381163965481739804261309410740138370
211461162517019100955581388420783465604075873092766233995190581982740869902130654705370069185
317191743775528651433372082631175198406113809639149350992785872974111304853195982058055103778
158595871887764325716686041315587599203056904819574675496392936487055652426597991029027551889
237893807831646488575029061973381398804585357229362013244589404730583478639896986543541327834
118946903915823244287514530986690699402292678614681006622294702365291739319948493271770663917
178420355873734866431271796480036049103439017922021509933442053547937608979922739907655995876
89210177936867433215635898240018024551719508961010754966721026773968804489961369953827997938
44605088968433716607817949120009012275859754480505377483360513386984402244980684976913998969
66907633452650574911726923680013518413789631720758066225040770080476603367471027465370998454
33453816726325287455863461840006759206894815860379033112520385040238301683735513732685499227
50180725089487931183795192760010138810342223790568549668780577560357452525603270599028248841
75271087634231896775692789140015208215513335685852824503170866340536178788404905898542373262
37635543817115948387846394570007604107756667842926412251585433170268089394202452949271186631
56453315725673922581769591855011406161635001764389618377378149755402134091303679423906779947
84679973588510883872654387782517109242452502646584427566067224633103201136955519135860169921
127019960382766325808981581673775663863678753969876641349100836949654801705433278703790254882
63509980191383162904490790836887831931839376984938320674550418474827400852716639351895127441
95264970287074744356736186255331747897759065477407481011825627712241101279074959027842691162
47632485143537372178368093127665873948879532738703740505912813856120550639537479513921345581
71448727715306058267552139691498810923319299108055610758869220784180825959306219270882018372
35724363857653029133776069845749405461659649554027805379434610392090412979653109635441009186
17862181928826514566888034922874702730829824777013902689717305196045206489826554817720504593
26793272893239771850332052384312054096244737165520854034575957794067809734739832226580756890
13396636446619885925166026192156027048122368582760427017287978897033904867369916113290378445
20094954669929828887749039288234040572183552874140640525931968345550857301054874169935567668
10047477334964914443874519644117020286091776437070320262965984172775428650527437084967783834
5023738667482457221937259822058510143045888218535160131482992086387714325263718542483891917
7535608001223685832905889733087765214568832327802740197224488129581571487895577813725837876
3767804000611842916452944866543882607284416163901370098612244064790785743947788906862918938
1883902000305921458226472433271941303642208081950685049306122032395392871973894453431459469
2825853000458882187339708649907911955463312122926027573959183048593089307960841680147189204
1412926500229441093669854324953955977731656061463013786979591524296544653980420840073594602
706463250114720546834927162476977988865828030731506893489795762148272326990210420036797301
1059694875172080820252390743715466983298742046097260340234693643222408490485315630055195952
529847437586040410126195371857733491649371023048630170117346821611204245242657815027597976
264923718793020205063097685928866745824685511524315085058673410805602122621328907513798988
132461859396510102531548842964433372912342755762157542529336705402801061310664453756899494
66230929698255051265774421482216686456171377881078771264668352701400530655332226878449747
99346394547382576898661632223325029684257066821618156897002529052100795982998340317674621
149019591821073865347992448334987544526385600232427235345503793578151193974497510476511932
74509795910536932673996224167493772263192800116213617672751896789075596987248755238255966
37254897955268466336998112083746886131596400058106808836375948394537798493624377619127983
55882346932902699505497168125620329197394600087160213254563922591806697740436566428691975
83823520399354049258245752188430493796091900130740319881845883887710046610654849643037963
125735280599031073887368628282645740694137850196110479822768825831565069915982274464556945
188602920898546610831052942423968611041206775294165719734153238747347604873973411696835418
94301460449273305415526471211984305520603387647082859867076619373673802436986705848417709
141452190673909958123289706817976458280905081470624289800614929060510703655480058772626564
70726095336954979061644853408988229140452540735312144900307464530255351827740029386313282
35363047668477489530822426704494114570226270367656072450153732265127675913870014693156641
53044571502716234296233640056741171855339405551484108675230598397691513870805022039734962
26522285751358117148116820028370585927669702775742054337615299198845756935402511019867481
39783428627037175722175230042555878891504554163613081506422948798268635403103766529801222
19891714313518587861087615021277939445752277081806540753211474399134317701551883264900611
29837571470277881791631422531916909168628415622709811129817211598701476552327824897350917
44756357205416822687447133797875363752942623434064716694725817398052214828491737346026376
22378178602708411343723566898937681876471311717032358347362908699026107414245868673013188
11189089301354205671861783449468840938235655858516179173681454349513053707122934336506594
5594544650677102835930891724734420469117827929258089586840727174756526853561467168253297
8391816976015654253896337587101630703676741893887134380261090762134790280342200752379946
4195908488007827126948168793550815351838370946943567190130545381067395140171100376189973
6293862732011740690422253190326223027757556420415350785195818071601092710256650564284960
3146931366005870345211126595163111513878778210207675392597909035800546355128325282142480
1573465683002935172605563297581555756939389105103837696298954517900273177564162641071240
786732841501467586302781648790777878469694552551918848149477258950136588782081320535620
393366420750733793151390824395388939234847276275959424074738629475068294391040660267810
196683210375366896575695412197694469617423638137979712037369314737534147195520330133905
295024815563050344863543118296541704426135457206969568056053972106301220793280495200858
147512407781525172431771559148270852213067728603484784028026986053150610396640247600429
221268611672287758647657338722406278319601592905227176042040479079725915594960371400644
110634305836143879323828669361203139159800796452613588021020239539862957797480185700322
55317152918071939661914334680601569579900398226306794010510119769931478898740092850161
82975729377107909492871502020902354369850597339460191015765179654897218348110139275242
41487864688553954746435751010451177184925298669730095507882589827448609174055069637621
62231797032830932119653626515676765777387948004595143261823884741172913761082604456432
31115898516415466059826813257838382888693974002297571630911942370586456880541302228216
15557949258207733029913406628919191444346987001148785815455971185293228440270651114108
7778974629103866514956703314459595722173493500574392907727985592646614220135325557054
3889487314551933257478351657229797861086746750287196453863992796323307110067662778527
5834230971827899886217527485844696791630120125430794680795989194484960665101494167791
8751346457741849829326291228767045187445180188146192021193983791727440997652241251687
13127019686612774743989436843150567781167770282219288031790975687591161496478361877531
19690529529919162115984155264725851671751655423328932047686463531386742244717542816297
29535794294878743173976232897088777507627483134993398071529695297080113367076314224446
14767897147439371586988116448544388753813741567496699035764847648540056683538157112223
22151845721159057380482174672816583130720612351245048553647271472810085025307235668335
33227768581738586070723262009224874696080918526867572830470907209215127537960853502503
49841652872607879106084893013837312044121377790301359245706360813822691306941280253755
74762479308911818659127339520755968066182066685452038868559541220734036960411920380633
112143718963367727988691009281133952099273100028178058302839311831101055440617880570950
56071859481683863994345504640566976049636550014089029151419655915550527720308940285475
84107789222525795991518256960850464074454825021133543727129483873325791580463410428213
126161683833788693987277385441275696111682237531700315590694225809988687370695115642320
63080841916894346993638692720637848055841118765850157795347112904994343685347557821160
31540420958447173496819346360318924027920559382925078897673556452497171842673778910580
15770210479223586748409673180159462013960279691462539448836778226248585921336889455290
7885105239611793374204836590079731006980139845731269724418389113124292960668444727645
11827657859417690061307254885119596510470209768596904586627583669686439441002667091468
5913828929708845030653627442559798255235104884298452293313791834843219720501333545734
2956914464854422515326813721279899127617552442149226146656895917421609860250666772867
4435371697281633772990220581919848691426328663223839219985343876132414790376000159301
6653057545922450659485330872879773037139492994835758829978015814198622185564000238952
3326528772961225329742665436439886518569746497417879414989007907099311092782000119476
1663264386480612664871332718219943259284873248708939707494503953549655546391000059738
831632193240306332435666359109971629642436624354469853747251976774827773195500029869
1247448289860459498653499538664957444463654936531704780620877965162241659793250044804
623724144930229749326749769332478722231827468265852390310438982581120829896625022402
311862072465114874663374884666239361115913734132926195155219491290560414948312511201
467793108697672311995062326999359041673870601199389292732829236935840622422468766802
233896554348836155997531163499679520836935300599694646366414618467920311211234383401
350844831523254233996296745249519281255402950899541969549621927701880466816851575102
175422415761627116998148372624759640627701475449770984774810963850940233408425787551
263133623642440675497222558937139460941552213174656477162216445776410350112638681327
394700435463661013245833838405709191412328319761984715743324668664615525168958021991
592050653195491519868750757608563787118492479642977073614987002996923287753437032987
888075979793237279803126136412845680677738719464465610422480504495384931630155549481
1332113969689855919704689204619268521016608079196698415633720756743077397445233324222
666056984844927959852344602309634260508304039598349207816860378371538698722616662111
999085477267391939778516903464451390762456059397523811725290567557308048083924993167
1498628215901087909667775355196677086143684089096285717587935851335962072125887489751
2247942323851631864501663032795015629215526133644428576381903777003943108188831234627
3371913485777447796752494549192523443823289200466642864572855665505914662283246851941
5057870228666171695128741823788785165734933800699964296859283498258871993424870277912
2528935114333085847564370911894392582867466900349982148429641749129435996712435138956
1264467557166542923782185455947196291433733450174991074214820874564717998356217569478
632233778583271461891092727973598145716866725087495537107410437282358999178108784739
948350667874907192836639091960397218575300087631243305661115655923538498767163177109
1422526001812360789254958637940595827862950131446864958491673483885307748150744765664
711263000906180394627479318970297913931475065723432479245836741942653874075372382832
355631500453090197313739659485148956965737532861716239622918370971326937037686191416
177815750226545098656869829742574478482868766430858119811459185485663468518843095708
88907875113272549328434914871287239241434383215429059905729592742831734259421547854
44453937556636274664217457435643619620717191607714529952864796371415867129710773927
66680906334954411996326186153465429431075787411571794929297194557123800694566160891
100021359502431617994489279230198144146613681117357692393945791835685701041849241337
150032039253647426991733918845297216219920521676036538590918687753528551562773862006
75016019626823713495866959422648608109960260838018269295459343876764275781386931003
112524029440235570243800439133972912164940391257027403943189015815146413672080396505
168786044160353355365700658700959368247410586885541105914783523722719620508120594758
84393022080176677682850329350479684123705293442770552957391761861359810254060297379
126589533120265016524275494025719526185557940164155829436087642792039715381090446069
189884299680397524786413241038579289278336910246233744154131464188059573071635669104
94942149840198762393206620519289644639168455123116872077065732094029786535817834552
47471074920099381196603310259644822319584227561558436038532866047014893267908917276
23735537460049690598301655129822411159792113780779218019266433023507446633954458638
11867768730024845299150827564911205579896056890389609009633216511753723316977229319
17801653095037267948726241347366808369844085335584413514449824767630584975465843979
26702479642555901923089362021050212554766128003376620271674737151445877463198765969
40053719463833852884634043031575318832149192005064930407512105727168816194798148954
20026859731916926442317021515787659416074596002532465203756052863584408097399074477
30040289597875389663475532273681489124111894003798697805634079295376612146098611716
15020144798937694831737766136840744562055947001899348902817039647688306073049305858
7510072399468847415868883068420372281027973500949674451408519823844153036524652929
11265108599203271123803324602630558421541960251424511677112779735766229554786979394
5632554299601635561901662301315279210770980125712255838556389867883114777393489697
8448831449402453342852493451972918816156470188568383757834584801824672166090234546
4224415724701226671426246725986459408078235094284191878917292400912336083045117273
6336623587051840007139370088979689112117352641426287818375938601368504124567675910
3168311793525920003569685044489844556058676320713143909187969300684252062283837955
4752467690288880005354527566734766834088014481069715863781953951026378093425756933
7128701535433320008031791350102150251132021721604573795672930926539567140138635400
3564350767716660004015895675051075125566010860802286897836465463269783570069317700
1782175383858330002007947837525537562783005430401143448918232731634891785034658850
891087691929165001003973918762768781391502715200571724459116365817445892517329425
1336631537893747501505960878144153172087254072800857586688674548726168838775994138
668315768946873750752980439072076586043627036400428793344337274363084419387997069
1002473653420310626129470658608114879065440554600643190016505911544626629081995604
501236826710155313064735329304057439532720277300321595008252955772313314540997802
250618413355077656532367664652028719766360138650160797504126477886156657270498901
375927620032616484798551496978043079649540207975241196256189716829234985905748352
187963810016308242399275748489021539824770103987620598128094858414617492952874176
93981905008154121199637874244510769912385051993810299064047429207308746476437088
46990952504077060599818937122255384956192525996905149532023714603654373238218544
23495476252038530299909468561127692478096262998452574766011857301827186619109272
11747738126019265149954734280563846239048131499226287383005928650913593309554636
5873869063009632574977367140281923119524065749613143691502964325456796654777318
2936934531504816287488683570140961559762032874806571845751482162728398327388659
4405401797257224431233025355211442339643049312209857768627223244092597491082989
6608102695885836646849538032817163509464573968314786652940834866138896236624484
3304051347942918323424769016408581754732286984157393326470417433069448118312242
1652025673971459161712384508204290877366143492078696663235208716534724059156121
2478038510957188742568576762306436316049215238118044994852813074802086088734182
1239019255478594371284288381153218158024607619059022497426406537401043044367091
1858528883217891556926432571729827237036911428588533746139609806101564566550637
2787793324826837335389648857594740855555367142882800619209414709152346849825956
1393896662413418667694824428797370427777683571441400309604707354576173424912978
696948331206709333847412214398685213888841785720700154802353677288086712456489
1045422496810064000771118321598027820833262678581050232203530515932130068684734
522711248405032000385559160799013910416631339290525116101765257966065034342367
784066872607548000578338741198520865624947008935787674152647886949097551513551
1176100308911322000867508111797781298437420513403681511228971830423646327270327
1764150463366983001301262167696671947656130770105522266843457745635469490905491
2646225695050474501951893251545007921484196155158283400265186618453204236358237
3969338542575711752927839877317511882226294232737425100397779927679806354537356
1984669271287855876463919938658755941113147116368712550198889963839903177268678
992334635643927938231959969329377970556573558184356275099444981919951588634339
1488501953465891907347939953994066955834860337276534412649167472879927382951509
2232752930198837861021909930991100433752290505914801618973751209319891074427264
1116376465099418930510954965495550216876145252957400809486875604659945537213632
558188232549709465255477482747775108438072626478700404743437802329972768606816
279094116274854732627738741373887554219036313239350202371718901164986384303408
139547058137427366313869370686943777109518156619675101185859450582493192151704
69773529068713683156934685343471888554759078309837550592929725291246596075852
34886764534356841578467342671735944277379539154918775296464862645623298037926
17443382267178420789233671335867972138689769577459387648232431322811649018963
26165073400767631183850507003801958208034654366189081472348646984217473528445
39247610101151446775775760505702937312051981549283622208522970476326210292668
19623805050575723387887880252851468656025990774641811104261485238163105146334
9811902525287861693943940126425734328012995387320905552130742619081552573167
14717853787931792540915910189638601492019493080981358328196113928622328859751
22076780681897688811373865284457902238029239621472037492294170892933493289627
33115171022846533217060797926686853357043859432208056238441256339400239934441
49672756534269799825591196890030280035565789148312084357661884509100359901662
24836378267134899912795598445015140017782894574156042178830942254550179950831
37254567400702349869193397667522710026674341861234063268246413381825269926247
55881851101053524803790096501284065040011512791851094902369620072737904889371
83822776651580287205685144751926097560017269187776642353554430109106857334057
125734164977370430808527717127889146340025903781664963530331645163660286001086
62867082488685215404263858563944573170012951890832481765165822581830143000543
94300623733027823106395787845916859755019427836248722647748733872745214500815
141450935599541734659593681768875289632529141754373083971623100809117821751223
212176403399312601989390522653312934448793712631559625957434651213676732626835
318264605098968902984085783979969401673190568947339438936151976820515098940253
477396907648453354476128675969954102509785853421009158404227965230772648410380
238698453824226677238064337984977051254892926710504579202113982615386324205190
119349226912113338619032168992488525627446463355252289601056991307693162102595
179023840368170007928548253488732788441169695032878434401585486961539743153893
268535760552255011892822380233099182661754542549317651602378230442309614730840
134267880276127505946411190116549591330877271274658825801189115221154807365420
67133940138063752973205595058274795665438635637329412900594557610577403682710
33566970069031876486602797529137397832719317818664706450297278805288701841355
50350455103547814729904196293706096749078976727997059675445918207933052762033
75525682655321722094856294440559145123618465091995589513168877311899579143050
37762841327660861047428147220279572561809232545997794756584438655949789571525
56644261991491291571142220830419358842713848818996692134876657983924684357288
28322130995745645785571110415209679421356924409498346067438328991962342178644
14161065497872822892785555207604839710678462204749173033719164495981171089322
7080532748936411446392777603802419855339231102374586516859582247990585544661
10620799123404617169589166405703629783008846653561879775289373371985878316992
5310399561702308584794583202851814891504423326780939887644686685992939158496
2655199780851154292397291601425907445752211663390469943822343342996469579248
1327599890425577146198645800712953722876105831695234971911171671498234789624
663799945212788573099322900356476861438052915847617485955585835749117394812
331899972606394286549661450178238430719026457923808742977792917874558697406
165949986303197143274830725089119215359513228961904371488896458937279348703
248924979454795714912246087633678823039269843442856557233344688405919023055
373387469182193572368369131450518234558904765164284835850017032608878534583
560081203773290358552553697175777351838357147746427253775025548913317801875
840121805659935537828830545763666027757535721619640880662538323369976702813
1260182708489903306743245818645499041636303582429461320993807485054965054220
630091354244951653371622909322749520818151791214730660496903742527482527110
315045677122475826685811454661374760409075895607365330248451871263741263555
472568515683713740028717181992062140613613843411047995372677806895611895333
708852773525570610043075772988093210920420765116571993059016710343417843000
354426386762785305021537886494046605460210382558285996529508355171708921500
177213193381392652510768943247023302730105191279142998264754177585854460750
88606596690696326255384471623511651365052595639571499132377088792927230375
132909895036044489383076707435267477047578893459357248698565633189390845563
199364842554066734074615061152901215571368340189035873047848449784086268345
299047263831100101111922591729351823357052510283553809571772674676129402518
149523631915550050555961295864675911678526255141776904785886337338064701259
224285447873325075833941943797013867517789382712665357178829506007097051889
336428171809987613750912915695520801276684074068998035768244259010645577834
168214085904993806875456457847760400638342037034499017884122129505322788917
252321128857490710313184686771640600957513055551748526826183194257984183376
126160564428745355156592343385820300478756527775874263413091597128992091688
63080282214372677578296171692910150239378263887937131706545798564496045844
31540141107186338789148085846455075119689131943968565853272899282248022922
15770070553593169394574042923227537559844565971984282926636449641124011461
23655105830389754091861064384841306339766848957976424389954674461686017192
11827552915194877045930532192420653169883424478988212194977337230843008596
5913776457597438522965266096210326584941712239494106097488668615421504298
2956888228798719261482633048105163292470856119747053048744334307710752149
4435332343198078892223949572157744938706284179620579573116501461566128224
2217666171599039446111974786078872469353142089810289786558250730783064112
1108833085799519723055987393039436234676571044905144893279125365391532056
554416542899759861527993696519718117338285522452572446639562682695766028
277208271449879930763996848259859058669142761226286223319781341347883014
138604135724939965381998424129929529334571380613143111659890670673941507
207906203587409948072997636194894294001857070919714667489836006010912261
311859305381114922109496454292341441002785606379572001234754009016368392
155929652690557461054748227146170720501392803189786000617377004508184196
77964826345278730527374113573085360250696401594893000308688502254092098
38982413172639365263687056786542680125348200797446500154344251127046049
58473619758959047895530585179814020188022301196169750231516376690569074
29236809879479523947765292589907010094011150598084875115758188345284537
43855214819219285921647938884860515141016725897127312673637282517926806
21927607409609642960823969442430257570508362948563656336818641258963403
32891411114414464441235954163645386355762544422845484505227961888445105
49337116671621696661853931245468079533643816634268226757841942832667658
24668558335810848330926965622734039766821908317134113378920971416333829
37002837503716272496390448434101059650232862475701170068381457124500744
18501418751858136248195224217050529825116431237850585034190728562250372
9250709375929068124097612108525264912558215618925292517095364281125186
4625354687964534062048806054262632456279107809462646258547682140562593
6938032031946801093073209081393948684418661714193969387821523210843890
3469016015973400546536604540696974342209330857096984693910761605421945
5203524023960100819804906811045461513313996285645477040866142408132918
2601762011980050409902453405522730756656998142822738520433071204066459
3902643017970075614853680108284096134985497214234107780649606806099689
5853964526955113422280520162426144202478245821351161670974410209149534
2926982263477556711140260081213072101239122910675580835487205104574767
4390473395216335066710390121819608151858684366013371253230807656862151
6585710092824502600065585182729412227788026549020056879846211485293227
9878565139236753900098377774094118341682039823530085319769317227939841
14817847708855130850147566661141177512523059735295127979653975841909762
7408923854427565425073783330570588756261529867647563989826987920954881
11113385781641348137610674995855883134392294801471345984740481881432322
5556692890820674068805337497927941567196147400735672992370240940716161
8335039336231011103208006246891912350794221101103509488555361411074242
4167519668115505551604003123445956175397110550551754744277680705537121
6251279502173258327406004685168934263095665825827632116416521058305682
3125639751086629163703002342584467131547832912913816058208260529152841
4688459626629943745554503513876700697321749369370724087312390793729262
2344229813314971872777251756938350348660874684685362043656195396864631
3516344719972457809165877635407525522991312027028043065484293095296947
5274517079958686713748816453111288284486968040542064598226439642945421
7911775619938030070623224679666932426730452060813096897339659464418132
3955887809969015035311612339833466213365226030406548448669829732209066
1977943904984507517655806169916733106682613015203274224334914866104533
2966915857476761276483709254875099660023919522804911336502372299156800
1483457928738380638241854627437549830011959761402455668251186149578400
741728964369190319120927313718774915005979880701227834125593074789200
370864482184595159560463656859387457502989940350613917062796537394600
185432241092297579780231828429693728751494970175306958531398268697300
92716120546148789890115914214846864375747485087653479265699134348650
46358060273074394945057957107423432187873742543826739632849567174325
69537090409611592417586935661135148281810613815740109449274350761488
34768545204805796208793467830567574140905306907870054724637175380744
17384272602402898104396733915283787070452653453935027362318587690372
8692136301201449052198366957641893535226326726967513681159293845186
4346068150600724526099183478820946767613163363483756840579646922593
6519102225901086789148775218231420151419745045225635260869470383890
3259551112950543394574387609115710075709872522612817630434735191945
4889326669425815091861581413673565113564808783919226445652102787918
2444663334712907545930790706836782556782404391959613222826051393959
3666995002069361318896186060255173835173606587939419834239077090939
5500492503104041978344279090382760752760409881909129751358615636409
8250738754656062967516418635574141129140614822863694627037923454614
4125369377328031483758209317787070564570307411431847313518961727307
6188054065992047225637313976680605846855461117147770970278442590961
9282081098988070838455970965020908770283191675721656455417663886442
4641040549494035419227985482510454385141595837860828227708831943221
6961560824241053128841978223765681577712393756791242341563247914832
3480780412120526564420989111882840788856196878395621170781623957416
1740390206060263282210494555941420394428098439197810585390811978708
870195103030131641105247277970710197214049219598905292695405989354
435097551515065820552623638985355098607024609799452646347702994677
652646327272598730828935458478032647910536914699178969521554492016
326323163636299365414467729239016323955268457349589484760777246008
163161581818149682707233864619508161977634228674794742380388623004
81580790909074841353616932309754080988817114337397371190194311502
40790395454537420676808466154877040494408557168698685595097155751
61185593181806131015212699232315560741612835753048028392645733627
91778389772709196522819048848473341112419253629572042588968600441
137667584659063794784228573272710011668628880444358063883452900662
68833792329531897392114286636355005834314440222179031941726450331
103250688494297846088171429954532508751471660333268547912589675497
154876032741446769132257144931798763127207490499902821868884513246
77438016370723384566128572465899381563603745249951410934442256623
116157024556085076849192858698849072345405617874927116401663384935
174235536834127615273789288048273608518108426812390674602495077403
261353305251191422910683932072410412777162640218586011903742616105
392029957876787134366025898108615619165743960327879017855613924158
196014978938393567183012949054307809582871980163939508927806962079
294022468407590350774519423581461714374307970245909263391710443119
441033702611385526161779135372192571561461955368863895087565664679
661550553917078289242668703058288857342192933053295842631348497019
992325830875617433864003054587433286013289399579943763947022745529
1488488746313426150796004581881149929019934099369915645920534118294
744244373156713075398002290940574964509967049684957822960267059147
1116366559735069613097003436410862446764950574527436734440400588721
1674549839602604419645505154616293670147425861791155101660600883082
837274919801302209822752577308146835073712930895577550830300441541
1255912379701953314734128865962220252610569396343366326245450662312
627956189850976657367064432981110126305284698171683163122725331156
313978094925488328683532216490555063152642349085841581561362665578
156989047462744164341766108245277531576321174542920790780681332789
235483571194116246512649162367916297364481761814381186171021999184
117741785597058123256324581183958148682240880907190593085510999592
58870892798529061628162290591979074341120440453595296542755499796
29435446399264530814081145295989537170560220226797648271377749898
14717723199632265407040572647994768585280110113398824135688874949
22076584799448398110560858971992152877920165170098236203533312424
11038292399724199055280429485996076438960082585049118101766656212
5519146199862099527640214742998038219480041292524559050883328106
2759573099931049763820107371499019109740020646262279525441664053
4139359649896574645730161057248528664610030969393419288162496080
2069679824948287322865080528624264332305015484696709644081248040
1034839912474143661432540264312132166152507742348354822040624020
517419956237071830716270132156066083076253871174177411020312010
258709978118535915358135066078033041538126935587088705510156005
388064967177803873037202599117049562307190403380633058265234008
194032483588901936518601299558524781153595201690316529132617004
97016241794450968259300649779262390576797600845158264566308502
48508120897225484129650324889631195288398800422579132283154251
72762181345838226194475487334446792932598200633868698424731377
109143272018757339291713231001670189398897300950803047637097066
54571636009378669645856615500835094699448650475401523818548533
81857454014068004468784923251252642049172975713102285727822800
40928727007034002234392461625626321024586487856551142863911400
20464363503517001117196230812813160512293243928275571431955700
10232181751758500558598115406406580256146621964137785715977850
5116090875879250279299057703203290128073310982068892857988925
7674136313818875418948586554804935192109966473103339286983388
3837068156909437709474293277402467596054983236551669643491694
1918534078454718854737146638701233798027491618275834821745847
2877801117682078282105719958051850697041237427413752232618771
4316701676523117423158579937077776045561856141120628348928157
6475052514784676134737869905616664068342784211680942523392236
3237526257392338067368934952808332034171392105840471261696118
1618763128696169033684467476404166017085696052920235630848059
2428144693044253550526701214606249025628544079380353446272089
3642217039566380325790051821909373538442816119070530169408134
1821108519783190162895025910954686769221408059535265084704067
2731662779674785244342538866432030153832112089302897627056101
4097494169512177866513808299648045230748168133954346440584152
2048747084756088933256904149824022615374084066977173220292076
1024373542378044466628452074912011307687042033488586610146038
512186771189022233314226037456005653843521016744293305073019
768280156783533349971339056184008480765281525116439957609529
1152420235175300024957008584276012721147922287674659936414294
576210117587650012478504292138006360573961143837329968207147
864315176381475018717756438207009540860941715755994952310721
1296472764572212528076634657310514311291412573633992428466082
648236382286106264038317328655257155645706286816996214233041
972354573429159396057475992982885733468559430225494321349562
486177286714579698028737996491442866734279715112747160674781
729265930071869547043106994737164300101419572669120741012172
364632965035934773521553497368582150050709786334560370506086
182316482517967386760776748684291075025354893167280185253043
273474723776951080141165123026436612538032339750920277879565
410212085665426620211747684539654918807048509626380416819348
205106042832713310105873842269827459403524254813190208409674
102553021416356655052936921134913729701762127406595104204837
153829532124534982579405381702370594552643191109892656307256
76914766062267491289702690851185297276321595554946328153628
38457383031133745644851345425592648638160797777473164076814
19228691515566872822425672712796324319080398888736582038407
28843037273350309233638509069194486478620598333104873057611
43264555910025463850457763603791729717930897499657309586417
64896833865038195775686645405687594576896346249485964379626
32448416932519097887843322702843797288448173124742982189813
48672625398778646831764984054265695932672259687114473284720
24336312699389323415882492027132847966336129843557236642360
12168156349694661707941246013566423983168064921778618321180
6084078174847330853970623006783211991584032460889309160590
3042039087423665426985311503391605995792016230444654580295
4563058631135498140477967255087408993688024345666981870443
6844587946703247210716950882631113490532036518500472805665
10266881920054870816075426323946670235798054777750709208498
5133440960027435408037713161973335117899027388875354604249
7700161440041153112056569742960002676848541083313031906374
3850080720020576556028284871480001338424270541656515953187
5775121080030864834042427307220002007636405812484773929781
8662681620046297251063640960830003011454608718727160894672
4331340810023148625531820480415001505727304359363580447336
2165670405011574312765910240207500752863652179681790223668
1082835202505787156382955120103750376431826089840895111834
541417601252893578191477560051875188215913044920447555917
812126401879340367287216340077812782323869567380671333876
406063200939670183643608170038906391161934783690335666938
203031600469835091821804085019453195580967391845167833469
304547400704752637732706127529179793371451087767751750204
152273700352376318866353063764589896685725543883875875102
76136850176188159433176531882294948342862771941937937551
114205275264282239149764797823442422514294157912906906327
171307912896423358724647196735163633771441236869360359491
256961869344635038086970795102745450657161855304040539237
385442804016952557130456192654118175985742782956060808856
192721402008476278565228096327059087992871391478030404428
96360701004238139282614048163529543996435695739015202214
48180350502119069641307024081764771998217847869507601107
72270525753178604461960536122647157997326771804261401661
108405788629767906692940804183970736995990157706392102492
54202894314883953346470402091985368497995078853196051246
27101447157441976673235201045992684248997539426598025623
40652170736162965009852801568989026373496309139897038435
60978256104244447514779202353483539560244463709845557653
91467384156366671272168803530225309340366695564768336480
45733692078183335636084401765112654670183347782384168240
22866846039091667818042200882556327335091673891192084120
11433423019545833909021100441278163667545836945596042060
5716711509772916954510550220639081833772918472798021030
2858355754886458477255275110319540916886459236399010515
4287533632329687715882912665479311375329688854598515773
6431300448494531573824368998218967062994533281897773660
3215650224247265786912184499109483531497266640948886830
1607825112123632893456092249554741765748633320474443415
2411737668185449340184138374332112648622949980711665123
3617606502278174010276207561498168972934424971067497685
5426409753417261015414311342247253459401637456601246528
2713204876708630507707155671123626729700818728300623264
1356602438354315253853577835561813364850409364150311632
678301219177157626926788917780906682425204682075155816
339150609588578813463394458890453341212602341037577908
169575304794289406731697229445226670606301170518788954
84787652397144703365848614722613335303150585259394477
127181478595717055048772922083920002954725877889091716
63590739297858527524386461041960001477362938944545858
31795369648929263762193230520980000738681469472272929
47693054473393895643289845781470001108022204208409394
23846527236696947821644922890735000554011102104204697
35769790855045421732467384336102500831016653156307046
17884895427522710866233692168051250415508326578153523
26827343141284066299350538252076875623262489867230285
40241014711926099449025807378115313434893734800845428
20120507355963049724512903689057656717446867400422714
10060253677981524862256451844528828358723433700211357
15090380516972287293384677766793242538085150550317036
7545190258486143646692338883396621269042575275158518
3772595129243071823346169441698310634521287637579259
5658892693864607735019254162547465951781931456368889
8488339040796911602528881243821198927672897184553334
4244169520398455801264440621910599463836448592276667
6366254280597683701896660932865899195754672888415001
9549381420896525552844991399298848793632009332622502
4774690710448262776422495699649424396816004666311251
7162036065672394164633743549474136595224006999466877
10743054098508591246950615324211204892836010499200316
5371527049254295623475307662105602446418005249600158
2685763524627147811737653831052801223209002624800079
4028645286940721717606480746579201834813503937200119
6042967930411082576409721119868802752220255905800179
9064451895616623864614581679803204128330383858700269
13596677843424935796921872519704806192495575788050404
6798338921712467898460936259852403096247787894025202
3399169460856233949230468129926201548123893947012601
5098754191284350923845702194889302322185840920518902
2549377095642175461922851097444651161092920460259451
3824065643463263192884276646166976741639380690389177
5736098465194894789326414969250465112459071035583766
2868049232597447394663207484625232556229535517791883
4302073848896171091994811226937848834344303276687825
6453110773344256637992216840406773251516454915031738
3226555386672128318996108420203386625758227457515869
4839833080008192478494162630305079938637341186273804
2419916540004096239247081315152539969318670593136902
1209958270002048119623540657576269984659335296568451
1814937405003072179435310986364404976989002944852677
2722406107504608269152966479546607465483504417279016
1361203053752304134576483239773303732741752208639508
680601526876152067288241619886651866370876104319754
340300763438076033644120809943325933185438052159877
510451145157114050466181214914988899778157078239816
255225572578557025233090607457494449889078539119908
127612786289278512616545303728747224944539269559954
63806393144639256308272651864373612472269634779977
95709589716958884462408977796560418708404452169966
47854794858479442231204488898280209354202226084983
71782192287719163346806733347420314031303339127475
107673288431578745020210100021130471046955008691213
161509932647368117530315150031695706570432513036820
80754966323684058765157575015847853285216256518410
40377483161842029382578787507923926642608128259205
60566224742763044073868181261885889963912192388808
30283112371381522036934090630942944981956096194404
15141556185690761018467045315471472490978048097202
7570778092845380509233522657735736245489024048601
11356167139268070763850283986603604368233536072902
5678083569634035381925141993301802184116768036451
8517125354451053072887712989952703276175152054677
12775688031676579609331569484929054914262728082016
6387844015838289804665784742464527457131364041008
3193922007919144902332892371232263728565682020504
1596961003959572451166446185616131864282841010252
798480501979786225583223092808065932141420505126
399240250989893112791611546404032966070710252563
598860376484839669187417319606049449106065378845
898290564727259503781125979409074173659098068268
449145282363629751890562989704537086829549034134
224572641181814875945281494852268543414774517067
336858961772722313917922242278402815122161775601
505288442659083470876883363417604222683242663402
252644221329541735438441681708802111341621331701
378966331994312603157662522563203167012431997552
189483165997156301578831261281601583506215998776
94741582998578150789415630640800791753107999388
47370791499289075394707815320400395876553999694
23685395749644537697353907660200197938276999847
35528093624466806546030861490300296907415499771
53292140436700209819046292235450445361123249657
79938210655050314728569438353175668041684874486
39969105327525157364284719176587834020842437243
59953657991287736046427078764881751031263655865
89930486986931604069640618147322626546895483798
44965243493465802034820309073661313273447741899
67447865240198703052230463610491969910171612849
101171797860298054578345695415737954865257419274
50585898930149027289172847707868977432628709637
75878848395223540933759271561803466148943064456
37939424197611770466879635780901733074471532228
18969712098805885233439817890450866537235766114
9484856049402942616719908945225433268617883057
14227284074104413925079863417838149902926824586
7113642037052206962539931708919074951463412293
10670463055578310443809897563378612427195118440
5335231527789155221904948781689306213597559220
2667615763894577610952474390844653106798779610
1333807881947288805476237195422326553399389805
2000711822920933208214355793133489830099084708
1000355911460466604107177896566744915049542354
500177955730233302053588948283372457524771177
750266933595349953080383422425058686287156766
375133466797674976540191711212529343143578383
562700200196512464810287566818794014715367575
844050300294768697215431350228191022073051363
1266075450442153045823147025342286533109577045
1899113175663229568734720538013429799664365568
949556587831614784367360269006714899832182784
474778293915807392183680134503357449916091392
237389146957903696091840067251678724958045696
118694573478951848045920033625839362479022848
59347286739475924022960016812919681239511424
29673643369737962011480008406459840619755712
14836821684868981005740004203229920309877856
7418410842434490502870002101614960154938928
3709205421217245251435001050807480077469464
1854602710608622625717500525403740038734732
927301355304311312858750262701870019367366
463650677652155656429375131350935009683683
695476016478233484644062697026402514525525
1043214024717350226966094045539603771788288
521607012358675113483047022769801885894144
260803506179337556741523511384900942947072
130401753089668778370761755692450471473536
65200876544834389185380877846225235736768
32600438272417194592690438923112617868384
16300219136208597296345219461556308934192
8150109568104298648172609730778154467096
4075054784052149324086304865389077233548
2037527392026074662043152432694538616774
1018763696013037331021576216347269308387
1528145544019555996532364324520903962581
2292218316029333994798546486781355943872
1146109158014666997399273243390677971936
573054579007333498699636621695338985968
286527289503666749349818310847669492984
143263644751833374674909155423834746492
71631822375916687337454577711917373246
35815911187958343668727288855958686623
53723866781937515503090933283938029935
80585800172906273254636399925907044903
120878700259359409881954599888860567355
181318050389039114822931899833290851033
271977075583558672234397849749936276550
135988537791779336117198924874968138275
203982806687669004175798387312452207413
305974210031503506263697580968678311120
152987105015751753131848790484339155560
76493552507875876565924395242169577780
38246776253937938282962197621084788890
19123388126968969141481098810542394445
28685082190453453712221648215813591668
14342541095226726856110824107906795834
7171270547613363428055412053953397917
10756905821420045142083118080930096876
5378452910710022571041559040465048438
2689226455355011285520779520232524219
4033839683032516928281169280348786329
6050759524548775392421753920523179494
3025379762274387696210876960261589747
4538069643411581544316315440392384621
6807104465117372316474473160588576932
3403552232558686158237236580294288466
1701776116279343079118618290147144233
2552664174419014618677927435220716350
1276332087209507309338963717610358175
1914498130814260964008445576415537263
2871747196221391446012668364623305895
4307620794332087169019002546934958843
6461431191498130753528503820402438265
9692146787247196130292755730603657398
4846073393623598065146377865301828699
7269110090435397097719566797952743049
10903665135653095646579350196929114574
5451832567826547823289675098464557287
8177748851739821734934512647696835931
12266623277609732602401768971545253897
18399934916414598903602653457317880846
9199967458207299451801326728658940423
13799951187310949177701990092988410635
20699926780966423766552985139482615953
31049890171449635649829477709223923930
15524945085724817824914738854611961965
23287417628587226737372108281917942948
11643708814293613368686054140958971474
5821854407146806684343027070479485737
8732781610720210026514540605719228606
4366390805360105013257270302859614303
6549586208040157519885905454289421455
9824379312060236279828858181434132183
14736568968090354419743287272151198275
22104853452135531629614930908226797413
33157280178203297444422396362340196120
16578640089101648722211198181170098060
8289320044550824361105599090585049030
4144660022275412180552799545292524515
6216990033413118270829199317938786773
9325485050119677406243798976908180160
4662742525059838703121899488454090080
2331371262529919351560949744227045040
1165685631264959675780474872113522520
582842815632479837890237436056761260
291421407816239918945118718028380630
145710703908119959472559359014190315
218566055862179939208839038521285473
327849083793269908813258557781928210
163924541896634954406629278890964105
245886812844952431609943918336446158
122943406422476215804971959168223079
184415109633714323707457938752334619
276622664450571485561186908128501929
414933996675857228341780362192752894
207466998337928614170890181096376447
311200497506892921256335271644564671
466800746260339381884502907466847007
700201119390509072826754361200270511
1050301679085763609240131541800405767
1575452518628645413860197312700608651
2363178777942968120790295969050912977
3544768166914452181185443953576369466
1772384083457226090592721976788184733
2658576125185839135889082965182277100
1329288062592919567944541482591138550
664644031296459783972270741295569275
996966046944689675958406111943353913
1495449070417034513937609167915030870
747724535208517256968804583957515435
1121586802812775885453206875936273153
1682380204219163828179810313904409730
841190102109581914089905156952204865
1261785153164372871134857735428307298
630892576582186435567428867714153649
946338864873279653351143301571230474
473169432436639826675571650785615237
709754148654959740013357476178422856
354877074327479870006678738089211428
177438537163739935003339369044605714
88719268581869967501669684522302857
133078902872804951252504526783454286
66539451436402475626252263391727143
99809177154603713439378395087590715
149713765731905570159067592631386073
224570648597858355238601388947079110
112285324298929177619300694473539555
168427986448393766428951041710309333
252641979672590649643426562565464000
126320989836295324821713281282732000
63160494918147662410856640641366000
31580247459073831205428320320683000
15790123729536915602714160160341500
7895061864768457801357080080170750
3947530932384228900678540040085375
5921296398576343351017810060128063
8881944597864515026526715090192095
13322916896796772539790072635288143
19984375345195158809685108952932215
29976563017792738214527663429398323
44964844526689107321791495144097485
67447266790033660982687242716146228
33723633395016830491343621358073114
16861816697508415245671810679036557
25292725046262622868507716018554836
12646362523131311434253858009277418
6323181261565655717126929004638709
9484771892348483575690393506958064
4742385946174241787845196753479032
2371192973087120893922598376739516
1185596486543560446961299188369758
592798243271780223480649594184879
889197364907670335220974391277319
1333796047361505502831461586915979
2000694071042258254247192380373969
3001041106563387381370788570560954
1500520553281693690685394285280477
2250780829922540536028091427920716
1125390414961270268014045713960358
562695207480635134007022856980179
844042811220952701010534285470269
1266064216831429051515801428205404
633032108415714525757900714102702
316516054207857262878950357051351
474774081311785894318425535577027
712161121967678841477638303365541
1068241682951518262216457455048312
534120841475759131108228727524156
267060420737879565554114363762078
133530210368939782777057181881039
200295315553409674165585772821559
300442973330114511248378659232339
450664459995171766872567988848509
675996689992757650308851983272764
337998344996378825154425991636382
168999172498189412577212995818191
253498758747284118865819493727287
380248138120926178298729240590931
570372207181389267448093860886397
855558310772083901172140791329596
427779155386041950586070395664798
213889577693020975293035197832399
320834366539531462939552796748599
481251549809297194409329195122899
721877324713945791613993792684349
1082815987070918687420990689026524
541407993535459343710495344513262
270703996767729671855247672256631
406055995151594507782871508384947
609083992727391761674307262577421
913625989091087642511460893866132
456812994545543821255730446933066
228406497272771910627865223466533
342609745909157865941797835199800
171304872954578932970898917599900
85652436477289466485449458799950
42826218238644733242724729399975
64239327357967099864087094099963
96358991036950649796130641149945
144538486555425974694195961724918
72269243277712987347097980862459
108403864916569481020646971293689
162605797374854221530970456940534
81302898687427110765485228470267
121954348031140666148227842705401
182931522046710999222341764058102
91465761023355499611170882029051
137198641535033249416756323043577
205797962302549874125134484565366
102898981151274937062567242282683
154348471726912405593850863424025
231522707590368608390776295136038
115761353795184304195388147568019
173642030692776456293082221352029
260463046039164684439623332028044
130231523019582342219811666014022
65115761509791171109905833007011
97673642264686756664858749510517
146510463397030134997288124265776
73255231698515067498644062132888
36627615849257533749322031066444
18313807924628766874661015533222
9156903962314383437330507766611
13735355943471575155995761649917
20603033915207362733993642474876
10301516957603681366996821237438
5150758478801840683498410618719
7726137718202761025247615928079
11589206577304141537871423892119
17383809865956212306807135838179
26075714798934318460210703757269
39113572198401477690316055635904
19556786099200738845158027817952
9778393049600369422579013908976
4889196524800184711289506954488
2444598262400092355644753477244
1222299131200046177822376738622
611149565600023088911188369311
916724348400034633366782553967
1375086522600051950050173830951
2062629783900077925075260746427
3093944675850116887612891119641
4640917013775175331419336679462
2320458506887587665709668339731
3480687760331381498564502509597
5221031640497072247846753764396
2610515820248536123923376882198
1305257910124268061961688441099
1957886865186402092942532661649
2936830297779603139413798992474
1468415148889801569706899496237
2202622723334702354560349244356
1101311361667351177280174622178
550655680833675588640087311089
825983521250513382960130966634
412991760625256691480065483317
619487640937885037220098224976
309743820468942518610049112488
154871910234471259305024556244
77435955117235629652512278122
38717977558617814826256139061
58076966337926722239384208592
29038483168963361119692104296
14519241584481680559846052148
7259620792240840279923026074
3629810396120420139961513037
5444715594180630209942269556
2722357797090315104971134778
1361178898545157552485567389
2041768347817736328728351084
1020884173908868164364175542
510442086954434082182087771
765663130431651123273131657
1148494695647476684909697486
574247347823738342454848743
861371021735607513682273115
1292056532603411270523409673
1938084798905116905785114510
969042399452558452892557255
1453563599178837679338835883
2180345398768256519008253825
3270518098152384778512380738
1635259049076192389256190369
2452888573614288583884285554
1226444286807144291942142777
1839666430210716437913214166
919833215105358218956607083
1379749822658037328434910625
2069624733987055992652365938
1034812366993527996326182969
1552218550490291994489274454
776109275245145997244637227
1164163912867718995866955841
1746245869301578493800433762
873122934650789246900216881
1309684401976183870350325322
654842200988091935175162661
982263301482137902762743992
491131650741068951381371996
245565825370534475690685998
122782912685267237845342999
184174369027900856768014499
276261553541851285152021749
414392330312776927728032624
207196165156388463864016312
103598082578194231932008156
51799041289097115966004078
25899520644548557983002039
38849280966822836974503059
58273921450234255461754589
87410882175351383192631884
43705441087675691596315942
21852720543837845798157971
32779080815756768697236957
49168621223635153045855436
24584310611817576522927718
12292155305908788261463859
18438232958863182392195789
27657349438294773588293684
13828674719147386794146842
6914337359573693397073421
10371506039360540095610132
5185753019680270047805066
2592876509840135023902533
3889314764760202535853800
1944657382380101267926900
972328691190050633963450
486164345595025316981725
729246518392537975472588
364623259196268987736294
182311629598134493868147
273467444397201740802221
410201166595802611203332
205100583297901305601666
102550291648950652800833
153825437473425979201250
76912718736712989600625
115369078105069484400938
57684539052534742200469
86526808578802113300704
43263404289401056650352
21631702144700528325176
10815851072350264162588
5407925536175132081294
2703962768087566040647
4055944152131349060971
6083916228197023591457
9125874342295535387186
4562937171147767693593
6844405756721651540390
3422202878360825770195
5133304317541238655293
7699956476311857982940
3849978238155928991470
1924989119077964495735
2887483678616946743603
4331225517925420115405
6496838276888130173108
3248419138444065086554
1624209569222032543277
2436314353833048814916
1218157176916524407458
609078588458262203729
913617882687393305594
456808941343696652797
685213412015544979196
342606706007772489598
171303353003886244799
256955029505829367199
385432544258744050799
578148816388116076199
867223224582174114299
1300834836873261171449
1951252255309891757174
975626127654945878587
1463439191482418817881
2195158787223628226822
1097579393611814113411
1646369090417721170117
2469553635626581755176
1234776817813290877588
617388408906645438794
308694204453322719397
463041306679984079096
231520653339992039548
115760326669996019774
57880163334998009887
86820245002497014831
130230367503745522247
195345551255618283371
293018326883427425057
439527490325141137586
219763745162570568793
329645617743855853190
164822808871927926595
247234213307891889893
370851319961837834840
185425659980918917420
92712829990459458710
46356414995229729355
69534622492844594033
104301933739266891050
52150966869633445525
78226450304450168288
39113225152225084144
19556612576112542072
9778306288056271036
4889153144028135518
2444576572014067759
3666864858021101639
5500297287031652459
8250445930547478689
12375668895821218034
6187834447910609017
9281751671865913526
4640875835932956763
6961313753899435145
10441970630849152718
5220985315424576359
7831477973136864539
11747216959705296809
17620825439557945214
8810412719778972607
13215619079668458911
19823428619502688367
29735142929254032551
44602714393881048827
66904071590821573241
100356107386232359862
50178053693116179931
75267080539674269897
112900620809511404846
56450310404755702423
84675465607133553635
127013198410700330453
190519797616050495680
95259898808025247840
47629949404012623920
23814974702006311960
11907487351003155980
5953743675501577990
2976871837750788995
4465307756626183493
6697961634939275240
3348980817469637620
1674490408734818810
837245204367409405
1255867806551114108
627933903275557054
313966951637778527
470950427456667791
706425641185001687
1059638461777502531
1589457692666253797
2384186538999380696
1192093269499690348
596046634749845174
298023317374922587
447034976062383881
670552464093575822
335276232046787911
502914348070181867
754371522105272801
1131557283157909202
565778641578954601
848667962368431902
424333981184215951
636500971776323927
954751457664485891
1432127186496728837
2148190779745093256
1074095389872546628
537047694936273314
268523847468136657
402785771202204986
201392885601102493
302089328401653740
151044664200826870
75522332100413435
113283498150620153
169925247225930230
84962623612965115
127443935419447673
191165903129171510
95582951564585755
143374427346878633
215061641020317950
107530820510158975
161296230765238463
241944346147857695
362916519221786543
544374778832679815
816562168249019723
1224843252373529585
1837264878560294378
918632439280147189
1377948658920220784
688974329460110392
344487164730055196
172243582365027598
86121791182513799
129182686773770699
193774030160656049
290661045240984074
145330522620492037
217995783930738056
108997891965369028
54498945982684514
27249472991342257
40874209487013386
20437104743506693
30655657115260040
15327828557630020
7663914278815010
3831957139407505
5747935709111258
2873967854555629
4310951781833444
2155475890916722
1077737945458361
1616606918187542
808303459093771
1212455188640657
1818682782960986
909341391480493
1364012087220740
682006043610370
341003021805185
511504532707778
255752266353889
383628399530834
191814199765417
287721299648126
143860649824063
215790974736095
323686462104143
485529693156215
728294539734323
1092441809601485
1638662714402228
819331357201114
409665678600557
614498517900836
307249258950418
153624629475209
230436944212814
115218472106407
172827708159611
259241562239417
388862343359126
194431171679563
291646757519345
437470136279018
218735068139509
328102602209264
164051301104632
82025650552316
41012825276158
20506412638079
30759618957119
46139428435679
69209142653519
103813713980279
155720570970419
233580856455629
350371284683444
175185642341722
87592821170861
131389231756292
65694615878146
32847307939073
49270961908610
24635480954305
36953221431458
18476610715729
27714916073594
13857458036797
20786187055196
10393093527598
5196546763799
7794820145699
11692230218549
17538345327824
8769172663912
4384586331956
2192293165978
1096146582989
1644219874484
822109937242
411054968621
616582452932
308291226466
154145613233
231218419850
115609209925
173413814888
86706907444
43353453722
21676726861
32515090292
16257545146
8128772573
12193158860
6096579430
3048289715
4572434573
6858651860
3429325930
1714662965
2571994448
1285997224
642998612
321499306
160749653
241124480
120562240
60281120
30140560
15070280
7535140
3767570
1883785
2825678
1412839
2119259
3178889
4768334
2384167
3576251
5364377
8046566
4023283
6034925
9052388
4526194
2263097
3394646
1697323
2545985
3818978
1909489
2864234
1432117
2148176
1074088
537044
268522
134261
201392
100696
50348
25174
12587
18881
28322
14161
21242
10621
15932
7966
3983
5975
8963
13445
20168
10084
5042
2521
3782
1891
2837
4256
2128
1064
532
266
133
200
100
50
25
38
19
29
44
22
11
17
26
13
20
10
5
8
4
2
1
